2.844696951589458536e+02
4.474641645096342586e+02
1.502668012745837700e+02
1.215934237387367176e+02
2.667982142900776807e+02
3.552521054371735545e+02
1.834342528859232857e+02
2.110184758871906752e+02
3.006789369358986050e+02
3.146863983194214711e+02
2.143302538177615020e+02
2.690470676685939679e+02
2.405936548889376354e+02
2.999694693418665565e+02
3.533229767212908428e+02
2.443897674618972076e+02
3.028435510324046618e+02
2.527464862395914906e+02
3.988876822355829859e+02
2.375896968847914650e+02
1.751455211294936305e+02
2.927746057999493701e+02
2.232056584415409191e+02
1.673224569499755603e+02
2.178395131648049698e+02
3.929140011620718269e+02
8.384934253834391882e+01
3.442270796762215923e+02
1.838778312576784515e+02
2.308917924376453925e+02
4.992578311757661425e+01
2.896013472993230380e+02
4.101203966536711505e+02
2.420280049204960449e+02
2.913829866414743037e+02
1.368621725000996321e+02
1.435681945724880393e+02
3.294765427579313268e+02
2.292468874344932885e+02
3.142881164563327729e+02
3.403618754582111592e+02
2.120838353698842127e+02
3.140572566271080746e+02
2.476049335205754005e+02
2.686935834895593302e+02
2.253019022844798656e+02
2.090891694727931736e+02
1.274661756573315330e+02
2.095662178490867404e+02
2.560910167779310882e+02
2.053636343313574457e+02
2.041813699560283908e+02
3.640583387318562245e+02
3.532990574939727821e+02
2.329812529345738312e+02
1.878684828261846746e+02
2.491500244197621328e+02
2.854794329900349226e+02
1.737082906076588529e+02
4.170676965796673699e+02
3.275166952280854957e+02
2.864331497550143126e+02
2.461750203871884537e+02
4.200495279434446161e+02
1.369535067841836735e+02
2.029801888286873179e+02
2.328909983112210114e+02
3.163128533665831696e+02
2.798518665057288217e+02
2.104855554899110359e+02
3.072826111306228540e+02
3.969007891016795497e+02
1.933085312057794170e+02
1.849635114471889779e+02
1.828792314743686234e+02
1.323458242847983968e+02
2.829226240331458939e+02
2.299376186469933145e+02
3.927917161398071926e+02
3.024758321788765443e+02
2.525666706435908679e+02
3.584815044395390942e+02
2.893265066110205908e+02
2.061673398318965553e+02
3.568897985703458744e+02
3.272777877786498948e+02
2.159398153748472851e+02
4.139501977717010277e+02
2.096048180864313224e+02
2.307576876807961810e+02
2.442204481215703993e+02
7.807077916174954169e+01
1.164354756127847139e+02
1.988485393796409824e+02
2.172827814931671639e+02
2.085679681887380923e+02
3.244111629797630485e+02
2.533115153351085951e+02
3.608101471536426743e+02
2.942685893046299839e+02
3.745228341077850587e+02
2.210228179451338235e+02
2.234945604077005896e+02
3.263040743220831246e+02
2.624156851036390208e+02
1.626558977069925334e+02
1.930271985695790420e+02
1.640427866962900225e+02
2.030202577125262451e+02
3.587821603365041483e+02
1.785038066857929380e+02
3.446938003388106040e+02
9.301016290001123821e+01
2.590272537438516451e+02
2.687729474824307090e+02
8.384537608503926265e+01
3.547884131670327861e+02
3.698406274630449957e+02
2.942624731057467216e+02
9.228223569528006465e+01
2.977295062051229024e+02
2.227747507211389006e+02
1.916193714709036442e+02
2.837382426978452941e+02
2.442676292797637529e+02
9.235360381569763888e+01
1.861726642892046470e+02
3.226524776726632808e+02
1.960003695864139672e+02
1.736988867409471595e+02
3.203695242793305056e+02
1.151893542319975978e+02
2.534033095027370734e+02
2.376111374966770029e+02
2.420819701743266705e+02
3.018245310327974948e+02
3.050280815074336829e+02
3.471920068115547906e+02
2.854031225830876792e+02
1.789167658042543394e+02
3.241514214829142588e+02
2.156504286253767475e+02
1.108072113452613365e+02
1.693322923047728636e+02
3.912995805124771778e+02
1.564915966994704775e+02
1.986540690837312013e+02
3.215273034710222646e+02
2.193208804383620532e+02
1.923379412275322693e+02
3.138873195985830193e+02
1.549104099047146121e+02
2.836953769942818440e+02
1.327826461803108771e+02
2.601289196355401714e+02
1.495246708604696551e+02
3.191637314575334017e+02
3.367256335410455108e+02
2.667206178901454336e+02
1.805988883609211939e+02
2.637314945202277272e+02
2.383427128622124940e+02
1.826940712405192357e+02
2.364771045945044818e+02
2.847516051283458864e+02
3.681892619537857172e+02
2.520954775779947852e+02
3.762423979227731365e+02
4.258821218754105189e+02
2.704677500845913869e+02
2.260113146730361677e+02
1.017600346799826099e+02
2.340573877101277844e+02
1.986825553467258771e+02
2.072546804066994071e+02
2.535039453027065974e+02
3.036107268071707495e+02
3.323932787037278445e+02
2.651204743058098074e+02
3.107703110025896649e+02
2.602905050177541284e+02
2.426083642725626817e+02
1.506023009740797534e+02
3.873790571848429636e+02
2.302336028927277312e+02
2.236545612775593099e+02
3.910535074798547726e+02
1.996353937923550177e+02
3.217383499381896854e+02
1.670837670238279884e+02
2.322457534568068525e+02
3.088103421966786186e+02
3.334475619532677797e+02
8.676162356776578122e+01
3.668636584270976186e+02
2.373436174684999287e+02
2.296532464489002621e+02
2.487373478524388588e+02
2.678464521518826587e+02
1.681459414854278975e+02
2.870694189746424172e+02
9.732367253804034135e+01
1.642360274679851386e+02
1.076601029833589394e+02
2.371542350083659016e+02
2.579696804234297929e+02
6.639908233433284579e+01
1.917403311810013236e+02
2.269958783449151838e+02
2.059021968764879773e+02
2.611136798481956589e+02
1.908871284303128562e+02
2.110509223015773443e+02
3.236062876962837436e+02
4.378640081112497455e+02
3.050757361290387735e+02
3.084631651289901697e+02
2.966198196332350676e+02
3.306883272752685912e+02
1.106494239283662466e+02
1.804741637985933380e+02
4.146754431168657788e+02
2.390395352228449894e+02
1.741399623633168972e+02
3.535160674044021221e+02
2.187594153303192002e+02
3.358263632021054832e+02
4.255031486443149333e+02
3.415364137237697264e+02
1.036962710023031207e+02
2.801168033345485924e+02
2.616841592075192580e+02
1.755078392322540708e+02
3.340949123862259853e+02
2.181549425375032172e+02
3.818742124607996971e+02
4.349243895703505132e+02
2.520179536010763570e+02
3.671550708736696720e+02
3.255153697397342398e+02
1.874463263902659094e+02
2.906237194972476914e+02
2.900147679099088123e+02
2.536618389583959470e+02
1.646657093350879109e+02
2.718062544175671746e+02
2.439852826503623362e+02
5.283494882905021228e+01
2.648101653492655601e+02
2.663965106979581492e+02
2.108590801446293881e+02
2.623718105720205358e+02
2.623455603305890804e+02
3.791144247654623882e+02
2.062959066440656102e+02
2.620418741196404540e+02
3.031978381337891619e+02
2.905788278119174493e+02
2.497384297890262417e+02
2.689352044345108652e+02
1.133396407241392154e+02
2.122568174898277960e+02
3.848355317652531085e+02
1.889619300779740172e+02
4.504426983224147421e+02
1.718478408609113330e+02
2.085218071356503060e+02
3.412380336046624052e+02
7.064316744402945858e+01
3.188110006190739796e+02
3.508729536622487331e+02
3.304734025100196959e+02
2.784429479589068706e+02
2.494136913926781460e+02
1.495061751481619865e+02
2.394312243404726530e+02
3.282890496195702781e+02
1.854313994663614551e+02
3.261811518570034991e+02
3.782841664387148626e+02
2.165556831695596429e+02
3.211656411824384918e+02
3.995675042463388422e+02
1.816301879018348586e+02
2.201506402657107060e+02
2.713359819341178536e+02
2.654194778364102376e+02
3.549578218832575089e+02
2.849900716839883330e+02
3.468440224242124259e+02
2.678164353635025918e+02
4.231281710519443777e+02
3.374288041028457314e+02
2.417469387250370971e+02
1.885011876807959936e+02
2.654072033699139865e+02
3.410389390953848761e+02
2.374533403527708231e+02
3.277436117280148551e+02
3.403083262151209283e+02
