6.134434412060802977e+00
-8.087789364112618173e+00
-1.668161989557232161e+00
-1.577767583025231901e-01
-1.205052555468728137e+01
-6.360814445287016561e+00
7.055868016013793209e-01
-3.357915011512862868e+00
-1.547621491103282843e+00
3.749542587594813625e+00
-4.856667729932415134e-01
9.365733191460272167e+00
-4.190266015486962203e+00
1.189949740325566330e+00
7.498276144266071697e+00
-6.328928504099881280e+00
9.100950067926456555e-01
1.069968545139814609e+01
-1.813567397492509836e-01
-5.885658519165678726e+00
1.820160999545635594e+00
5.830556796204282577e+00
-1.011933166040132193e+01
9.562809816199676405e+00
1.322127192426216347e+00
-5.034276530798194038e+00
2.363846753625464814e+00
-8.135678018445151594e+00
-2.969687296091692019e-01
-5.284318793886375154e+00
-4.757284202347481283e+00
-1.245255989949263054e+01
5.574433785088212190e+00
2.053860212017506459e-01
5.703242702774857342e+00
6.769726926812583478e+00
-2.057885161825130371e+00
2.263494078606540061e+00
-7.340885604093552175e-01
-2.021924766945919938e+00
-7.426705147201940749e-01
-7.293321318066401382e+00
-1.408295827372759490e+01
-7.656304623572731671e+00
5.244910442630183134e+00
-3.980094534839894393e+00
-4.195162304827764199e-01
-2.692801635994253040e+00
-4.129660453395156416e-01
-9.983472219813037674e-01
-2.878460354716652958e+00
1.525341921019695457e+00
1.659931394855221232e+00
-5.191430241462891892e+00
4.605893092396215138e+00
-8.799051370370474245e+00
9.501998852960365838e+00
9.295881490652513790e+00
3.458990179394657805e+00
-4.574522286334920196e+00
7.998918983788261272e+00
3.419760335522249228e+00
-7.269418375165228596e+00
-3.327736904136172402e+00
-2.122898437763651724e+00
8.797556488968105270e+00
-8.005428357802566453e+00
2.152813116838531826e+00
9.954321156552525807e+00
4.290998680941261689e+00
-6.908309295258045601e+00
-5.883384889445380850e+00
7.518773634587600618e+00
4.139203838419612147e+00
6.105513108235479436e+00
6.401527322848664880e+00
-4.661267742404954895e+00
7.387090305674721691e+00
5.049598319183818518e+00
7.806115981949289129e+00
7.040399111079500116e+00
7.770406403092028347e-01
-6.408740419433865299e+00
4.023639341963630933e+00
3.328641307502998359e+00
8.035188649999453148e+00
1.274937316783824492e+00
-3.047289411254505254e+00
-5.303145644359219091e+00
-4.278775652016118869e+00
-5.711056741110191126e+00
1.001524028083377438e+01
-4.968184501649903773e-01
-8.115411904998635961e+00
1.539675067820790222e+00
-1.126580361270933306e+00
-1.474729444501383213e+00
-5.781118808480240068e-02
-9.628067349858614676e+00
-6.215378125088211192e+00
1.203891453296998648e+01
-7.833482207385900509e+00
-6.116097948219030300e+00
-1.597926500247438142e+01
-6.208464669203353381e+00
7.171132275291475011e+00
-9.582264277963234989e+00
-2.397246890375009265e+00
-1.009484963192608475e+01
4.799417336463132067e-01
8.089150742686133100e+00
-2.654720195630474677e+00
-6.001552038317157223e-01
3.620960322462680292e+00
6.433373205790470450e+00
8.148519601123668465e+00
-3.135512010357142110e+00
1.261439393606941195e+01
9.081242271449495362e+00
-7.745558321730612761e+00
-7.995815370005397327e+00
1.018868405921525877e+01
-9.736052640354426302e+00
-5.947771588276456356e+00
8.388077021088202301e+00
-1.002594347736174107e+01
9.538860200067816209e+00
5.453748913322248981e+00
1.158262795965454828e+01
-5.270326869703871431e+00
-1.286277498034236855e+00
6.100211656182410458e-01
8.002171375345721316e-01
7.796102687024339950e-01
-9.877202867760235705e+00
1.576000040222974974e+01
5.068103376334512689e+00
-2.709106560210314818e+00
7.221547426716180773e+00
-2.529870829206942173e-01
-8.180265536325874720e+00
2.024003298428395325e+00
7.411192974561514824e+00
-3.526876944395007651e+00
-7.780344740611411680e+00
-4.299742356468664539e+00
-6.926356543651154496e+00
-1.754990288278005295e+01
9.010063380880163564e+00
-1.051648780245074910e+00
-3.158574344059853267e+00
-1.117517471768289816e+01
-6.721333135794441027e+00
6.775575051877036792e+00
3.927715338755572994e-01
-9.791691859050516200e+00
9.376127716099652787e+00
4.733957983685677995e+00
-2.282817927439617645e+00
6.610687846255983935e+00
-5.427900032054992607e+00
3.813363585234548658e+00
4.218129838431775802e+00
-1.939664470089316861e+00
1.118468519090065172e+01
-6.251812959215103049e+00
1.544534022263624351e+00
1.644109043206059440e+01
-9.075287693902980735e+00
8.765354993743176948e+00
6.840187410159445314e+00
8.560299416186806454e+00
2.569546072843263307e+00
-1.211453043363746396e+01
-3.930766542129921604e+00
-4.623271534343953881e+00
6.413960450256421808e+00
7.520712768785823954e+00
2.556719921835906462e+00
2.896465718342657869e+00
1.045047474898485262e+00
9.337293950037826917e+00
7.426399500794877540e+00
-7.950024672622739708e+00
-5.939641748939382682e-01
9.061166360487556304e+00
-5.572372146468344001e-01
5.954275314994848856e+00
-1.486980311186841064e+01
4.367677843588975151e+00
1.363787878643137930e+01
1.017037234977719251e+01
8.210086674177494714e+00
-7.573703851306174073e+00
6.070116915454254247e+00
-8.894934767691092148e+00
6.600983345008295533e-01
-9.486044547434731911e+00
1.719814911913739586e+00
1.175787666986613633e+00
6.798465564869037081e+00
6.379995987450471695e+00
-8.951602600642902807e-01
-8.211933032832044788e+00
9.874592564797302074e-01
3.101444717735776901e+00
1.104132789871311715e+01
-4.538723861376355195e+00
-2.259806804453274864e+00
-4.967147644696331632e+00
7.563300882181369644e+00
2.970857683297007057e+00
-4.058980562156189187e+00
4.302910121631086326e+00
-7.238908836950400882e+00
2.881426108052322022e+00
3.171728898922245854e-01
-7.534750105259261588e+00
1.020097050216769663e+00
-8.249309623333425989e+00
2.280052082038362293e+00
-5.062306206874553904e-01
1.156981191459221670e+01
-1.640593231675095076e+00
-8.577712684157900114e+00
1.666979526245098242e+01
-6.543447980828895894e+00
1.423798085825660031e+00
-2.755614973537522161e+00
-2.828026551297235791e+00
-2.881643557920856580e+00
3.272523846262694214e+00
4.132621155242284239e+00
-1.830789096829977147e+00
1.201449650950499493e+00
-2.339277722324796915e+00
-4.379490307190965215e-01
1.620163815315512679e+00
-9.483672902614626032e-01
1.931890321705018287e+00
-2.523446099682230770e+00
-5.679705524052847565e+00
2.191864432470959301e+00
-7.825934387461330743e-01
-1.394132541620993537e+00
1.009359918491254726e+00
5.122874148795323990e+00
-4.323844788893332236e+00
6.380693439824226765e+00
-1.660821145258926324e+00
-3.872087831253797852e+00
7.927264921052309177e+00
1.869073741470532468e+01
1.192082188455809089e+01
5.374946490875790239e+00
3.917531467813381241e+00
-1.933360883446711309e+00
-9.581438821326999644e+00
-8.351602561080650133e+00
-4.812666622811034856e+00
-1.849597369235761901e+00
9.522356786714158972e+00
1.956689594809102317e-01
4.793747769155484839e+00
-4.850855019533174328e+00
1.213984582964033265e+01
-1.250866231530583761e+01
3.421829179999314352e+00
5.824042672973086532e+00
-4.944525403234488081e+00
4.802351040512395031e+00
-8.638645757222619181e+00
-7.013781385872069896e-01
4.060257655328658899e+00
2.693909498140873104e+00
1.093281839049652593e+00
-8.717784457812026488e+00
-1.086963920654277516e+01
-3.124286702797682835e+00
9.098577120634782744e+00
8.684420586201520464e+00
5.688184386004023985e+00
-2.772797911837308948e+00
2.155344874627309615e+00
1.022832521971947983e+01
6.296123762247982647e+00
-1.340127318089619912e+01
1.059471715361448396e+01
3.589507365283247431e+00
-1.015033469252860865e+00
-2.310040481939040991e+00
-7.570090854392375945e+00
5.635068564007137404e+00
2.810580977283906989e+00
-1.225778733135074017e+00
1.627239203701336123e+01
5.854049983081863751e+00
-4.498321981631789868e+00
8.276469174248912708e+00
-2.316872844463451653e+00
-9.985707367326548400e-01
-2.717738169033720119e+00
-3.702174625290338916e+00
5.075860407034560318e+00
5.909516451355229627e+00
-4.338184760907171977e+00
9.292468970824678820e-01
2.388345473237223349e+00
6.139911176707137486e+00
-6.071109307513616216e+00
-6.485799948935726533e+00
-3.200429816156224572e+00
-5.340130281203454565e+00
5.073917283657055854e+00
-1.934574094074233752e+00
-1.257873870967655350e+01
-3.752395902974084763e+00
7.308927462428902011e+00
2.319626878725876029e+00
1.059638582604784496e+00
3.766060513418033384e+00
-1.453184562734189100e+01
6.966240882283000424e+00
-1.211615977970598124e+01
2.188768739245343653e+00
-1.763729205334516337e+01
-8.897632259774347574e+00
9.063755105990976446e+00
-8.147390605648290318e+00
-7.500742219351155260e-01
1.157629858006631451e+01
-9.478304871341089566e+00
-3.519926924964424941e-01
-1.491492647306202812e+01
-6.961945376954457032e+00
-9.240196311785014771e+00
2.817192172607361655e+00
-1.996426533455407437e+00
7.126015136809041195e+00
1.199478740248634523e+01
-6.537769556073109278e+00
2.021768654742533311e+00
1.352389195001241884e+00
3.112184199158551046e+00
3.959609998468414105e-01
-4.334456334149232148e+00
-7.619791860908654790e+00
5.224309704990551140e+00
7.531684968286155524e+00
-5.527539594586737159e+00
1.532750288066338840e+00
-1.598569128580975995e+00
-1.143224528349263736e+01
5.426792978196361084e+00
-8.461712224204347876e+00
-6.382296997679298700e-01
3.212006294936133877e+00
-9.746582863895465465e+00
-7.265551172592041418e+00
-7.824388422882107008e-01
1.078999034926571809e+01
-4.130475609818167193e+00
2.758350883366684769e+00
5.931401060792251378e+00
8.764506887829106585e-01
6.189365574420588878e+00
4.766373686826780309e-01
4.532246638673814942e+00
8.081660423920583369e+00
7.541426509963804925e+00
-5.347974495856592014e+00
1.088318254545125185e+01
-9.726743595266884590e-01
5.020744311589478315e+00
7.715029614175381134e+00
7.256951531529948873e+00
1.125716867030067903e+01
-1.138339612312358540e+01
-3.662120952779941430e-01
-4.634636744449821322e+00
-7.638156694780734446e-01
-1.299735053239316329e+01
-6.585993492219743395e+00
-2.043043898175376683e+00
-1.331055387880691043e+01
-3.310905514453607701e+00
8.417274175949934545e+00
-6.823271706445876106e+00
-5.620079397331960713e+00
9.321418227469404627e+00
-1.558239980305379291e+01
1.053940447456529483e+01
6.104974781735146294e+00
-8.587154724756477009e+00
-1.212626398472982814e+01
-7.588091792438409477e+00
5.783372266867226053e+00
7.342392584762457375e+00
3.865440974496717974e+00
-1.069124896160208671e+00
8.808533336902684141e+00
3.030488093545971928e+00
-9.427643379323786377e+00
-1.839591479912250360e+00
-1.245311365926661473e+01
1.321249798483208693e+01
-1.333356846034588372e+01
-5.094476032640899987e+00
-3.724244073119464815e-02
1.530585397289629945e-01
-1.000842700976438771e+01
-3.621118005959697239e+00
-8.565720571761021418e+00
5.654156263643613123e+00
4.601644439595409253e+00
-5.799857339929083366e+00
-5.315027444289516900e+00
-5.868257907154940334e+00
9.869220403538498942e-01
3.481863203936248485e+00
-3.127808683625964647e+00
1.366463908540325889e+01
-5.698356431573554204e+00
3.183906909770520599e+00
-7.379371418660356952e+00
4.342199172972290633e+00
-1.789922962603473167e+01
-1.444274376635231505e+00
-5.927550423630477461e+00
-5.304602388232376953e+00
-1.556878198989639017e+01
2.758511829585889252e+00
-1.058121893766439037e+01
-3.256364568915097735e+00
-3.087656263355510244e+00
-6.787363757594189195e-01
-8.972290626425058591e+00
9.613388802751267059e-01
5.842469848069291594e+00
1.282723800916265411e+01
-8.130649767984959198e+00
-9.908301075294430049e+00
-1.611899312295645359e+01
-3.817227978468570981e+00
7.880685364488203781e+00
6.351409300735105568e+00
-5.056503911817678443e+00
-9.415820130740669924e+00
-7.266748251220453980e+00
2.561005908837584499e+00
6.947421265297046844e+00
-1.167483949238669361e+01
-4.906984925433548028e+00
1.614187960361116581e+01
-6.329221902491241281e+00
-2.500930409488237416e+00
5.913696672736142190e+00
-5.911465135418287886e-01
3.097949653382741086e+00
1.020997080814662894e+00
-1.324324581570035075e+00
-4.065024986760834125e+00
4.121835654016827277e+00
3.581050526347267393e+00
9.791519610786233230e+00
9.011373191122553195e+00
1.511028750171161761e+01
-6.940012262836955159e+00
-5.209641999807902657e+00
-7.285458341716464226e-01
-7.678353700631967982e+00
1.505071444663071389e+01
8.920854069108030693e-01
4.663187738664316129e+00
-8.440481446085568162e-01
6.165784146215660400e+00
1.359026466929759147e-01
-9.278142956617291048e+00
-1.324492150684806191e-01
2.146459127473107076e-01
-1.377670674393667838e+01
-1.100101310931134080e+01
-1.177345565892247414e+01
2.044383449632946270e+00
-8.133407732352115005e+00
-5.510911889673542063e+00
-1.079891079762835560e+01
8.301849565300942757e+00
-7.818831061424937445e+00
-9.467856378116514815e-01
2.535260392330041412e+00
1.330936900513801291e+01
2.239116186873686409e+00
-7.638159458448272154e+00
-4.361311327253389436e+00
-4.938428302252827251e+00
-7.322554263217965875e+00
5.534191275120157627e+00
6.197930245046405773e+00
2.201745174630869606e+00
6.704632386009124367e+00
-7.827570984660642495e+00
5.738956999969589745e+00
-1.179140982751972544e+00
-9.559848079886002381e+00
6.451477220065881646e+00
-1.188949028655345685e+01
-2.842085371218115775e+00
-2.857440348035230837e+00
6.452144348290278497e-01
-2.113193447802614866e+00
1.834174353351548703e+01
-5.501840907340247888e+00
-6.407878979935589747e+00
-6.001719478047419010e+00
3.452300018955846816e+00
-7.134966807514476983e+00
2.547975619694797356e+00
5.199233173446863532e+00
9.135919109785273662e+00
3.879160236131340866e+00
-5.488252420789219599e+00
7.501384285879252545e+00
-7.340294773737007006e+00
4.967482048661570282e+00
-3.708137679299952971e+00
8.642786710845069109e+00
-5.212438062498475411e+00
3.763010803595896014e+00
6.919763356499502471e+00
-4.200237321113275968e+00
7.520983350091889008e+00
-1.029805917289961670e+01
2.591162606060649853e+00
6.808272806611298300e+00
2.968041049151071142e+00
-4.544487501222222114e+00
3.128242504914694688e+00
1.102401620851831243e+00
-3.933004806121670249e+00
5.854205534430052538e+00
1.010402164436563055e+01
4.205135756911294820e+00
9.215366858846472553e+00
3.152932578628160343e+00
-8.607395358703584520e+00
-5.722049769067462321e+00
5.726118837733353395e+00
1.760044603723642798e+00
-7.054527706622758743e+00
-2.626371271588405776e+00
4.530203260578769431e+00
1.120181838173825639e+01
-4.574831082051176168e-01
-6.502507726711089120e+00
4.588262526170202804e+00
7.573202192905124974e+00
1.269864434628653393e+00
-6.669551858508457443e+00
-2.024726161380016265e+00
8.433873857132519802e+00
-3.860795260515221372e+00
2.918102188677726527e+00
-9.204790491052495582e+00
1.408094479576244318e+01
-2.919274846371997967e+00
1.961967464677997874e+00
-4.363951615919022586e+00
-1.664308577012637791e+00
9.438086082121682097e+00
-2.418472883334308321e+00
-7.869652962229402249e+00
1.964824637819552633e+00
4.573245747668734040e+00
-5.355635535367627931e+00
-3.303717351076825626e+00
-4.860401328117594844e+00
7.093706097404290034e+00
-5.814645654149867227e+00
1.279740362472113446e+01
-2.461313089046553770e+00
6.400445126540513563e+00
-9.852203016881151854e+00
-1.013636276197984021e+00
-4.337791526508003592e+00
-8.375595302326033220e-01
4.318221672638165032e+00
9.486315025962408498e+00
-4.375922290519811853e+00
7.769481702146293856e+00
6.422132730357013486e+00
-3.161553782524110900e+00
-1.021969834222547391e+00
-1.898557892229883581e+00
-2.020032030051278849e+00
3.322915319089081443e+00
2.824222685417032697e+00
-1.188562120174628589e+00
5.695981121823866289e+00
-8.224538697179690772e+00
5.635531096650494121e+00
7.016448154822981564e+00
5.052572335013085336e+00
3.543688973402509657e+00
-1.168863302842069452e+01
5.367803300284125001e+00
2.670928372867903189e+00
3.021561906997369817e+00
7.765285403332433667e+00
1.278081758689250336e+01
-3.751848063573693270e+00
6.638144977696335047e+00
8.072904946007028570e+00
8.058053605584369450e+00
2.000883044289094137e+00
-2.487424003231041070e+00
-5.629287762765565084e+00
-6.578941686506852626e+00
6.036785729031960424e-01
-5.227378386692175027e+00
5.826645144588543879e+00
-2.771973129805980207e-01
-1.441098258821325473e+00
-1.066106941149968002e+01
-9.565483843122507324e+00
5.218301188635072307e+00
6.839026992399002580e+00
-2.942667904949779256e+00
-6.188480495504665058e+00
5.193563870066204569e-01
-9.325281021503840861e+00
8.400556706602086976e+00
-7.114194526182387790e+00
-3.401041258844041959e+00
2.783228135809552306e+00
-7.694415274713048092e+00
-3.117272074308663043e+00
1.042237333577814695e+01
-2.777834493670088722e+00
1.518722008073688512e+00
-4.916047734876583419e+00
-9.571713835221123290e+00
8.218805310410841614e+00
3.628599307078088199e+00
9.697657331976092365e+00
8.922741682653191120e+00
-6.826072876514075460e-01
-1.676883418562298722e+00
8.104837449123990512e-01
4.670512671004458660e-01
2.873171821139773874e-01
-3.255054035921144395e-01
-2.150261148074119610e+00
-5.208813299387000662e+00
-1.080955857645320872e+00
3.137411151707608425e+00
5.018811643887515217e-01
-8.652726279053793990e-01
4.856659121861107486e+00
6.454828639453790373e+00
-7.203880150133566751e+00
-9.238613167814945015e+00
-8.862359881574249698e+00
-3.995647013553777160e+00
-6.466447796187487107e+00
6.893515009655564185e+00
8.076196932212482693e+00
-7.303633593127013768e+00
3.370157193743934076e+00
7.488238470695187665e+00
-3.579489541743026138e+00
5.549048207010889300e+00
-8.258581690863642244e-02
-1.998605574098825777e+00
-8.151220308903424083e+00
-3.355860074280258232e+00
5.344343162259301394e+00
-1.954805264679154497e+00
1.003615056691737806e+01
3.166341532720864382e+00
-1.178179772189526986e+01
3.592772971964174999e+00
-5.118494829129522472e+00
-5.536908174448432085e+00
1.033645406938341438e+01
9.648015133155876111e-01
-1.266673953985992185e+01
-3.772034040101253538e+00
-9.861002626273226213e+00
-2.583488735025090577e+00
-7.378036449289761656e+00
3.315792240532836388e+00
-4.583090935620686146e+00
1.050703262861669707e+00
1.938422815411406264e+00
-1.128819444487070989e+01
7.588426971113755748e+00
-8.138124434603644097e-02
3.216422557452245812e+00
7.581087122598855643e+00
-2.689304401111273890e+00
-8.241795698740844500e+00
-9.526723394424879032e+00
-7.633950436616940394e+00
-1.075816892611868170e+01
-4.919035029790187252e+00
5.141067375379526183e+00
-1.362119505632220395e+00
-9.616398977491041222e+00
5.450467898580375170e+00
-8.155180725831975508e+00
9.063278788401664343e+00
-1.250281888597194246e+01
4.294136171847505956e+00
5.364948825241124375e+00
-1.313534877585326832e+01
7.920815497141244776e+00
6.481030294087652521e+00
9.263046983209791918e+00
2.462520509393365753e+00
-1.078403485571343978e+01
1.426853728518816089e+00
-9.198613499216284239e+00
4.870581531561787969e+00
5.593293829009308382e+00
-1.230617325423001773e+01
-1.332287956389146544e+01
7.384311973613475466e+00
6.360491714136704111e+00
9.324655144347469005e+00
4.574525253005027992e+00
8.760974984975776536e+00
-3.704550962675511094e+00
6.073402536246804928e+00
-9.415990461886169172e+00
4.303017499090423748e+00
-9.524761839091770099e+00
-3.860965965634847841e+00
2.453007806621918974e+00
1.420199658139148724e+01
-5.095187883033746701e+00
-2.692815577408227412e+00
-5.926337719726664233e-01
3.889674118996038210e+00
-2.897962622342543648e-01
-1.373227229967521668e+00
-6.502603919510764996e+00
-9.824867773453156872e+00
-1.286593050983640296e+00
4.877852693098025938e+00
-1.360349230767311468e+01
2.414585027791612770e+00
1.093988817046073869e+01
3.492193126590457553e+00
7.838276031282438439e+00
-4.343382769203135041e+00
-1.138956606410488348e+01
-3.662498941363414584e+00
-4.978640937384068543e+00
5.080235502179879070e+00
-4.816033578956536942e+00
8.355458778631421612e-01
-5.239762316905368422e+00
-8.354951838134574871e+00
1.126779140392200418e+01
6.815975089424506805e+00
-2.769066975296323285e+00
1.317342162079287249e+01
-7.699358380285208803e+00
2.294664582750504334e+00
-6.656329870746304778e-01
-9.891729808972780091e+00
-7.182637308520460451e+00
1.412876790656574677e+00
8.688021215284852161e+00
-5.896941544072215713e+00
8.255986747630830180e+00
-2.166420345636310252e+00
-5.960438471960075368e+00
-1.005631344456259768e+01
4.883502047146697223e+00
-4.021696496932957388e+00
-2.515177229332830944e+00
-4.580198713530182708e+00
5.412415384656657835e+00
-9.309041969219506996e+00
-9.886017023858381103e-01
-3.435855535646029857e+00
-8.296461815734055278e+00
2.057722711680769478e-01
-7.856936233521705226e-01
-4.686737584281007507e+00
3.236978227632799854e+00
-8.191659972387974165e+00
1.212399684891574125e-02
-8.047423047319480105e+00
8.603383111668234662e+00
-3.730002708088570734e-02
2.816505423882224690e+00
6.720828647051553695e+00
2.710093602600406992e+00
-1.466567319584821671e-01
-1.740662452339511290e+01
-4.993238136462416321e+00
6.597913604367045437e+00
-6.634158014614675025e-01
1.038282205262603508e+00
-1.458173487706523108e+00
-9.064408328182109287e+00
-2.113339435348600581e+00
-4.845174512823060553e+00
-6.812412610655988132e+00
1.050533686943074585e+01
2.560516172226158460e+00
-1.597248274926642342e+00
4.367389257950531345e+00
4.782657808939115573e-02
1.092410493933735793e+01
1.727958887375347974e+00
2.717629884645264671e+00
6.227909222691502933e+00
-5.833023134403858556e-01
7.587673765045792607e+00
-7.101186606672849067e-01
-2.450447342315266397e+00
-2.724297721677155337e+00
-5.336616937726075705e+00
-5.271622716279685150e+00
-3.755149758646431302e+00
3.660730258663976500e+00
-3.441218756438076731e+00
1.579890939021894702e+00
-9.566012802940392135e+00
1.249408785222857965e+01
2.823921571286255094e+00
-8.441036175494311067e+00
-4.744049475688164819e+00
8.629474463804522877e-01
4.978166635328578060e-01
-3.083175265817109878e+00
4.226092184267697505e+00
-9.896920995874415539e+00
-1.988943940183454107e+00
7.166180222756175056e+00
-1.215561205150477875e+01
7.087456824391573207e+00
1.370283408913156720e+01
2.503267254396474240e+00
5.040142670617146159e+00
-4.380470346406249327e+00
-2.628924103391599765e+00
-4.525642743748097274e+00
7.483327298995660293e+00
1.186637703498580265e+01
6.003005044939371260e-01
-7.969052966823575446e+00
-3.907302911811290080e+00
4.439101599732965475e+00
-1.036209954358788821e+01
3.567496875396491962e+00
-5.327492371752786227e+00
-3.934732110410778638e+00
-1.195013984513634941e+00
-7.199550233610453098e+00
-4.012490743070156185e+00
-1.052091322680083252e+01
-1.446605537847667655e+00
7.858095028371451463e+00
5.009727189080770415e+00
-5.016203295350856628e+00
-6.473993561030061628e+00
7.071889897464903818e+00
-6.769524447940309386e+00
3.000300792292631247e+00
8.319425705583483932e+00
-1.958867738822006821e+00
-7.644372734517876466e+00
3.955441948249138751e+00
-4.593405084099824176e-01
-1.258458268945854641e+01
9.156218421747524872e+00
4.918646121546363048e+00
-8.729225900288914985e+00
-2.657418154864067183e+00
2.332903092091534347e+00
7.361471620129577786e+00
5.008491317681129651e+00
-3.878810839465707261e-01
-1.213010727058665417e-01
-1.000047804729615741e+01
-6.975144983470340065e+00
-4.209368743636371590e+00
-2.779683610389844350e+00
-4.017539004292306259e+00
-3.659169694131234607e+00
5.961419842569469552e+00
-7.246810275103880095e+00
-9.735309522099369062e+00
-7.669961776042946155e+00
5.049369152926625581e+00
-2.399780434405216489e+00
2.044776601550614137e-01
-4.297555708144890296e+00
-8.809144732457291127e+00
5.881491172707389303e+00
6.005079112275319986e-01
4.368777602449381625e+00
6.406695955623433747e+00
3.446063682480040136e+00
-5.971196310455614054e+00
8.820626125193872014e+00
-1.146333044628610764e+01
3.821769054332966320e+00
-7.964227783526991011e+00
2.600285404704217651e+00
1.145266746781040901e+01
-8.593087604874128260e+00
3.630602484104370475e-01
6.170156104389802998e+00
-5.476173951867489009e+00
-3.618497578711556528e+00
-9.331699910647826002e+00
-4.941318182171946738e+00
-8.219313134882199279e+00
-7.303650870091072278e+00
-4.440868184314584965e+00
-8.585242886927014538e+00
-1.732432840412734265e+00
-4.214761763212369061e-01
-2.822318534237038712e+00
1.338180048603600181e+00
-1.697394485112123874e+00
1.214064917697143420e+00
-4.986585478868160060e+00
-7.835775252403367475e+00
-8.366715922274380546e+00
-9.706503251980400648e+00
6.546422398445898239e+00
-6.784246804085237059e+00
3.809843226313864850e+00
-4.089859078651132407e+00
2.214864276304185253e+00
1.042975393954402463e+01
-1.045028217611021049e+01
7.374454640002814365e+00
4.624941695424363175e+00
7.571413164267990936e+00
-5.369951759242473699e+00
6.254199181948805197e+00
5.169793446081191846e+00
-7.058774953836830512e+00
-5.608386944120435924e-01
9.305343605517780503e+00
5.637312268832332940e+00
8.742376384756457952e+00
4.035341474452453170e+00
-2.457412042905549932e+00
-3.840440239971305125e+00
1.055338167330901555e+01
-4.504544728807079679e+00
-4.650990317761820592e+00
-1.043098385142431539e+01
-6.806627720014651217e+00
-3.198781708109899036e+00
6.612799025141824494e+00
-3.019038284853270415e-01
1.018304693784310011e+01
1.210104746787562036e+01
5.560220084976371879e+00
6.140606084664806730e+00
1.870388652303140997e+00
2.577908090901005700e+00
3.253293625297747127e+00
1.421899384424122115e+00
5.533645729200570962e+00
2.993679254260527056e+00
-1.111159961002831231e+01
4.423863532538224064e+00
-3.123405384667207407e+00
-4.911478992657709597e+00
-3.740656945161907831e+00
-3.989879394583654149e-01
2.674838674718067466e-01
1.389086589554851869e+01
1.506415443102457452e+00
-9.296717212471728331e+00
1.746678295763116040e+01
-6.118122988605004586e+00
-4.485966299441582095e+00
4.474816304065987183e+00
-3.485386511771767282e+00
-2.670853768988000532e+00
7.150798545604866163e+00
-1.145481245094948264e+01
-2.514057661396995158e+00
-8.497808897967619401e+00
-4.023974638389891112e-01
-7.967457041751016433e+00
-7.951178281217773147e+00
-8.114229912822672475e+00
