6.898870076667829920e+00
-4.451838326161084325e+00
-1.692810598367833208e+00
2.304323512899593140e-01
-6.925964290285186564e+00
-9.284636403980774944e+00
4.028279775641765426e+00
-6.149440130271961458e+00
-1.627183026255263343e+00
9.667837068144351065e+00
-6.135494840761168689e-01
8.524376886022601241e+00
-4.285228585950537905e+00
-4.649728837172890650e-01
4.533948092610739167e+00
-9.330964488508364241e+00
2.261913380702207377e-01
7.882995815443972987e+00
-5.171741989197400358e-01
-9.355185072050433703e+00
3.332047418522364524e+00
4.977389617922835185e+00
-8.797460398981730378e+00
8.622230104016026075e+00
1.521403647715558805e+00
-4.719157418534420501e+00
1.118121609060047206e+00
-1.264976475383019050e+00
-1.399564630559101630e+00
2.573796768724028183e+00
-5.229287125211154574e+00
-7.466457135984896354e+00
4.238651324593295300e+00
1.286971773850648759e+00
4.509287359887995450e+00
3.483675784233049910e+00
-4.189719866452000119e+00
3.683206277091827019e+00
-2.033609527156723829e+00
-2.726764252975428349e+00
6.595919772347791366e-02
-7.103067117883814063e+00
-9.302080981991910136e+00
-4.312500106293386537e+00
5.448142446529811167e+00
-8.705676768575862923e+00
-7.291438636579528065e-02
-1.141195000824126282e+00
-3.334577969529998853e+00
-1.645235046739685458e+00
-2.327775327876791422e+00
1.363765503664673417e-01
-1.817197306127564360e+00
-3.899959755720201926e+00
3.227179743850314253e+00
-8.799544583987845670e+00
9.690872595740724904e+00
8.841299704095582968e+00
3.149346436763664769e+00
-1.681419583763375414e+00
8.045690741504142096e+00
3.290733197041397773e-01
-3.090239037067725292e+00
-1.834272332124278648e+00
-2.321391398726735389e+00
9.872172853299826301e+00
-9.276135893003962352e+00
6.428780820330612045e+00
9.942349840234719238e+00
2.014655176957946381e+00
-5.388771332731052688e+00
-6.421195846501356996e+00
5.680108807052413056e+00
-5.430675078114255427e-01
5.669610792287258505e+00
2.731253947753005562e+00
-3.173035180291135404e+00
6.945752734112950577e+00
5.413799782193162713e+00
6.509891048655845225e+00
4.136441140085086232e+00
9.161216009326711429e-01
-8.000341107399702167e+00
6.579704654559407118e+00
3.564200946563138572e+00
2.686735102025073374e+00
4.396118373787123446e+00
-4.338346705419628968e+00
-1.255394752323436336e+00
-2.163830414699077664e+00
-5.300926094728499294e+00
9.876659935336309815e+00
4.409498408716636675e-01
-7.792653321477196471e+00
4.562966638563318966e+00
-1.476292460799362161e+00
-5.221039909536586698e+00
6.650258251734086912e-02
-7.388917668782754689e+00
-1.348290504999066997e+00
7.798978434607914068e+00
-5.234391170043981134e+00
-3.310383294994048597e+00
-8.834393148578911337e+00
-5.581593280539395963e+00
7.694577651924433326e+00
-9.416573741030356715e+00
-1.026677324520210988e+00
-7.780961933617045467e+00
-1.409214469884290111e+00
6.510925339533564227e+00
-4.682421475652553511e+00
4.386626609967780865e-01
3.635086298576835517e+00
6.555294668790125456e+00
9.775945217137806509e+00
-1.236163075980680759e+00
7.265978888283626702e+00
6.210154907792677648e+00
-7.837390040838212002e+00
-8.240593271638358530e+00
7.331015270906597436e+00
-9.225711970312476140e+00
-6.638549804563789181e+00
6.030202460283341281e+00
-8.842143655725525520e+00
6.850826824943013094e+00
8.357413529641270600e+00
9.833876494843721616e+00
-5.239871834504232773e+00
-1.281940015728926241e+00
-2.362601744262309289e+00
1.374591422647617023e+00
-3.590436025667180786e-01
-7.906838954107049844e+00
9.249754044250249052e+00
7.727793662393555252e+00
1.640114412210282424e+00
9.468235968912928513e+00
-2.096694336309017359e-01
-9.494224808501481760e+00
-3.772291705978279452e+00
7.656454460128959028e+00
-3.934346760125324138e+00
-7.981281895585043529e+00
2.197058757709186239e+00
-4.289370594276671333e+00
-7.547474002647556190e+00
8.459352541076253118e+00
-7.843515030605827221e+00
-1.359322717366742594e+00
-9.459117738367137207e+00
-4.969160299021644356e+00
6.703660185998131738e+00
-3.485786814405507528e+00
-8.197962752916678753e+00
8.399721885360239781e+00
5.029146559483422152e+00
-2.112830791548663711e+00
6.534503791795199135e+00
-4.602629769760091527e+00
2.609304466708277204e+00
7.706096326751918468e+00
7.245280869262664680e-01
9.177914553397584996e+00
-7.010540779519178756e+00
-3.934433602845648359e+00
9.882439318603879030e+00
-7.782387463040536524e+00
7.479938559073971760e+00
7.057755471990070362e+00
7.504523734273362834e+00
2.839227696063113981e+00
-9.067921914375514092e+00
-3.802361173566191077e+00
-2.705338987044552113e+00
4.864900794322435829e+00
-1.989726287948478500e+00
3.143945974689390965e+00
5.277657842198610894e+00
-2.876205587453924295e+00
8.856261998585129191e+00
6.465492363573190460e+00
-7.303678206717838961e+00
-7.545523018717155139e-01
9.893996850876970228e+00
-1.357884605504827036e+00
4.683542854137510147e+00
-6.294734391500247384e+00
3.967078657880595216e+00
9.931309510242300576e+00
8.741241605444102447e+00
7.668571330986370782e+00
-5.516446168443048137e+00
2.832209134743786549e+00
-5.006140587946537046e+00
1.652000553263823335e+00
-5.995606971061171464e+00
7.730385272277729314e+00
1.032437747355753999e+00
6.325611440515373829e+00
7.473984226379307927e+00
-3.974582134223960672e+00
-7.529720018127356695e+00
-1.234061795272848983e+00
3.579451075795244464e+00
9.741780857266000737e+00
-8.705765748412719773e+00
-1.047880517153883417e+00
-3.080132745789152082e+00
9.795626524565690829e+00
2.673236623542416979e+00
-2.354823609600114054e+00
2.606076896012481825e+00
-1.856642465735035330e+00
-1.580039351093507349e+00
4.709465682113762597e-01
-5.004744035098180888e+00
3.395565660940038200e+00
-5.687309765431538544e+00
1.113459298245249585e+00
1.050536118500033922e-02
5.455129105408648371e+00
-1.501358128034237183e+00
-8.224458763561582231e+00
7.636987085094411043e+00
-6.220834418270209554e+00
1.810728689155144622e+00
-6.760879130724230635e+00
-2.681044160249685504e+00
9.366947112828967192e-01
5.107755388397844598e+00
5.248266526010285205e+00
-1.861148702582672954e+00
-1.651655778868954982e+00
2.419713943782682009e-01
-1.699746418752507537e+00
4.119178812482530816e+00
-4.214369694105455366e+00
6.271799570389820389e+00
-3.430830588434359285e+00
-9.586220674602738967e+00
6.805132571850410983e+00
-3.737415205946370556e+00
1.740241190394637982e-01
3.781034490539916249e-01
4.515007571954523513e+00
-3.881900249455039642e+00
8.895185361744026409e+00
-2.273466509814838332e+00
-4.742608386456921288e+00
6.689663342384807976e+00
9.100162892883972177e+00
9.489970109674132459e+00
6.379681483148232246e+00
1.459834033397072517e+00
-3.528559239143460147e+00
-5.112606815273224470e+00
-9.650677173362364414e+00
-4.288247128483559933e+00
-3.296585868585919954e+00
9.839186645476061699e+00
-3.123175603776225273e+00
4.547635701225132721e+00
-4.813284214932734173e+00
7.683300040003832265e+00
-8.882398278985695228e+00
4.267627365782766802e+00
4.302898085615701973e+00
-1.433571671186708585e+00
8.667614920167871162e+00
-4.573863090929297215e+00
1.422255510340857398e-01
5.072990572584172853e+00
1.809402025864716990e+00
4.834524696381837572e+00
-5.637708482500814355e+00
-9.753983485228737038e+00
9.215399948454194856e-01
7.053642411386839228e+00
9.267653355336310739e+00
5.390596555272377799e+00
3.874631910092674048e-01
2.520376017169159155e+00
7.788714971623406313e+00
5.553559200424340148e+00
-8.943336492856797548e+00
9.835921380355678423e+00
6.483322408523747526e+00
-2.465934571010652832e-01
-4.081285123927854031e+00
-5.183085573785137790e+00
5.395216888300671698e+00
8.879129260829834891e+00
-3.340163683775556613e+00
9.054614659724439463e+00
7.270312060290006428e+00
-6.825035385289792700e+00
9.282956124846954538e+00
-4.069886045858639889e+00
-4.510423449672813945e+00
-3.667946341473326655e+00
-4.460525922522540654e+00
4.621408504174651100e+00
4.129718178774833603e+00
-3.284730890365943345e+00
-3.209695177603315130e+00
4.286705424349468885e+00
3.857502127434422334e+00
-8.629143643850893497e+00
-6.136375683600121533e+00
-3.095370269700230992e+00
-4.406320803923082785e+00
-8.565701725281336110e-01
-2.688227841807817597e+00
-7.350029695931499241e+00
-3.245117848963499085e+00
7.555883131826654164e+00
1.462964876291671601e+00
5.173247495793980022e-01
6.840677603921857752e+00
-9.502027729949382717e+00
8.296064596209241415e+00
-9.565565287020740826e+00
3.696703708930490606e+00
-8.119254961780875135e+00
-8.205441507604296802e+00
8.331726817817589392e+00
-3.437330891604959859e+00
3.742068470911803502e-01
9.328292148466960754e+00
-6.743401918348221891e+00
-3.847936941176262060e+00
-8.991278766711452874e+00
-6.368018672989011364e+00
-7.520271839194176522e+00
8.692522695932485277e-01
-5.713378289547559774e+00
7.141067528236213491e+00
7.949524643777358790e+00
-1.575832801624670765e+00
2.772731262519279483e+00
1.596541062152947887e+00
9.618290817610311905e+00
5.497235318150082151e+00
-6.759739560699746797e+00
-3.104569882728281272e+00
9.723680021288888753e+00
5.049822071884639385e+00
-3.745866116045077909e+00
4.562507195067318833e+00
-6.518496819124841579e-01
-8.674601948088687564e+00
3.438088770993161347e+00
-9.001058308959027698e+00
-4.666747475151034052e-01
-6.330870225792115669e+00
-9.575445927677124658e+00
-2.057604318016849732e+00
-3.183780268580123085e+00
8.849725038814963085e+00
-3.446012370449955675e+00
6.608464742519970514e-02
6.121361692558473067e+00
-4.142854986912922755e-01
9.433247806229381638e+00
-3.557096241405020010e-01
6.773958102279191706e-01
5.147561063938015380e+00
7.246411015215173279e+00
-7.557188037810950831e+00
5.965413739819906525e+00
1.806592322610489632e+00
8.746079838962717901e+00
4.657269113055962251e+00
-2.123123080946385244e-01
4.753755543830330055e+00
-8.095478941027550945e+00
-1.921052733289339898e+00
-7.501831027604460189e+00
-4.408911407374205282e-04
-6.197765084232211841e+00
-7.556236664138930692e+00
-3.061899148249449532e+00
-9.208697725227084518e+00
-8.253268985724364626e-01
8.594374720254378985e+00
-4.564327466975434788e+00
1.496968691784527294e+00
3.810155227612618489e+00
-9.567555989885040191e+00
9.521589493778591873e+00
9.394307494005385450e+00
-5.381775224648492895e+00
-7.762706403310161818e+00
-5.592134923783027567e+00
8.776489693129629899e+00
4.025124864347942477e+00
1.008829666129862801e+00
2.767222150500238342e+00
7.861392615246959537e+00
3.182290401220635445e+00
-9.939208142683300551e+00
8.627950830151842609e-01
-9.277178718068629593e+00
6.982437773434241990e+00
-9.477911872635901958e+00
-5.000610344408739749e+00
8.347634161818472620e+00
-1.212803407104841469e+00
-8.039487201196930499e+00
-5.687989364981788754e+00
-5.238296539590603373e+00
5.507313457108683252e+00
6.023319014037529229e+00
-4.350288661482764496e+00
1.516411247818375330e+00
-6.722638217636117020e+00
3.429804192419673825e+00
6.301462147891907506e+00
-4.739448897740410338e+00
9.935399469785938464e+00
-8.087948205236523691e+00
8.423731142757997503e+00
-6.967953584501554332e+00
5.588555491381830720e+00
-9.786904530674121361e+00
2.541181940493402180e-01
-7.719030304028660083e+00
-2.396191661169062570e+00
-6.168586557350952404e+00
1.623348169220932391e+00
-2.766896789184682959e+00
-2.633848492994199653e+00
-3.187086869064199135e+00
9.192736124469984560e-01
-8.137995575329750153e+00
2.227348193945495325e-01
5.133946438947898372e+00
8.860525438235576701e+00
-6.015038129629610708e+00
-9.459477433167469584e+00
-6.655587566881518313e+00
-5.675665775394714174e+00
3.750303459839193110e+00
6.722286086125929927e+00
-5.362542398498439944e+00
-9.762637060375599418e+00
-9.320796134976461644e+00
3.916912111445400413e+00
6.404232424305245530e+00
-9.554879742601901427e+00
-8.637516073813795714e+00
9.863567435721972032e+00
-1.824835042627714898e+00
-4.854231152066327937e+00
1.000721392381535679e+00
-3.068311592254124420e+00
5.683385983568616240e+00
1.980250829450616479e+00
7.817322696650421676e-01
-3.666910745983129161e+00
-4.815449077854221827e+00
9.338783632815694347e+00
8.020434843934257430e+00
9.772015878307460213e+00
8.134949748325041696e+00
-2.535048755389008868e+00
-4.577913924414104940e+00
-1.262035081703851702e+00
-7.789057740892168624e+00
9.934701483603443961e+00
2.619122080086535576e+00
2.477568025093479065e+00
8.466244464659666846e-01
5.871060604263764304e+00
-3.661127412330955622e-01
-6.725567296252286553e+00
4.645914658826185928e+00
5.358406103946222743e-02
-8.300995169370130711e+00
-8.573410728666935654e+00
-9.680451455534937466e+00
1.004028866838130085e+00
-7.577928063511906842e+00
-6.418357023500536052e+00
-1.350610037902519878e+00
5.450259724061087496e+00
-5.554305141172286575e+00
-2.703367972209271386e+00
-9.336846431192711293e-01
8.674196821592794038e+00
1.630594765163479565e+00
-9.580796599424164839e+00
-8.122317895352374251e+00
-6.001670830092993292e+00
-8.749237930795439766e+00
7.977696109508553235e+00
-2.541506163994204925e+00
-4.526627296480185692e-01
7.797170564368958168e+00
-8.300171259858386108e+00
5.531004907012491145e+00
-1.729550879231192440e+00
-5.046296194680128799e+00
7.653558034249115849e+00
-8.946229017483847912e+00
-1.580424070293581451e+00
-7.093568940098027298e-01
-6.686647597359325346e-01
-4.363895734451332942e+00
8.814266157387280032e+00
-4.960347654641581450e+00
-7.126919012843879742e+00
-7.124087213872789093e+00
3.377670530587186803e+00
-8.048850460446445254e+00
2.223214965892754691e-01
5.695614797329760393e+00
8.353165819747456311e+00
3.303788728127612373e+00
-3.703914808539621184e+00
8.860399242394823460e+00
-9.996316492482893779e+00
8.179206833022234946e+00
-2.038400456769490887e+00
7.988551069340680044e+00
-8.496740153173028887e+00
1.572049924135342280e+00
5.891528541468048275e+00
-1.723296440069114865e+00
9.132088579610034174e+00
-2.931068785212627148e+00
4.165841503154879888e+00
9.362949339617372857e+00
8.998715753511220328e+00
-8.215767167413741134e-01
1.454814439713381091e+00
2.949035862658721641e+00
-5.195449087617667772e+00
4.615973987497035580e+00
3.303885336035710552e+00
4.703415358462986973e+00
9.817825720177658866e+00
-1.712795319088197488e+00
-8.756616258467399661e+00
-3.824315066726764911e+00
6.721059385777877537e+00
2.661894515699941621e+00
3.745642926098309289e-01
3.785843218080326977e-01
7.434928230620439393e+00
9.823652829071775727e+00
-4.251879439496399904e+00
-4.323896629581298612e+00
2.064968825767468985e+00
7.770194867854293364e+00
3.047158310196353526e+00
-9.469922333318159247e-01
-1.661355325137538586e+00
7.597235688069922332e+00
-4.027738296857210187e+00
6.784292769331905504e-01
-8.502570133480958248e+00
4.565199891903342078e+00
9.083437261227054194e-01
6.558554157438909016e+00
3.104542295653624606e+00
-2.789103003281336868e+00
9.257558593135872371e+00
-1.918524918841484350e+00
-4.167101405028430960e+00
1.799389579731489164e+00
8.426084531395293453e+00
-7.591532559409812642e+00
-4.104033513792337828e-02
7.045862223670944502e-01
7.216806246027299920e+00
-9.928257104076031681e+00
8.775565506429330753e+00
-2.351482383319409841e+00
5.638458325727835785e+00
-3.745818875000031412e+00
-2.453805918436053446e+00
-5.938072378027269949e+00
3.020588935318704316e+00
4.682645578224033045e+00
9.206944389509679638e+00
-2.204673412642669916e+00
4.785234581598473369e+00
5.318253443752514187e+00
-8.184345451206361588e+00
-1.733799420234223732e+00
-1.607169856105750583e+00
-1.883610339918886822e+00
4.635876675989877072e+00
1.783543885447514299e+00
-4.867112512241627442e+00
-9.389225456117173962e-01
-7.898280758306395199e+00
2.905484205868315684e+00
5.939215088361681438e+00
7.184958801705608522e+00
2.874298204053999939e+00
-8.281708617894988578e+00
9.238518113686762234e+00
1.887129588688395643e+00
2.312815367035931047e+00
9.380125550533577439e+00
9.767086138098047599e+00
-8.972431246745102840e-01
7.865151121103956200e+00
9.167252718402213674e+00
5.741316893677366195e+00
-1.993234400589951605e+00
-3.334928905284613165e+00
-7.052297341752287174e+00
-7.680212311662839575e+00
1.108716405201006339e+00
-4.717085118935919752e-01
7.166743613807490476e+00
-4.522751909134679060e+00
-6.373831370125433438e-01
-6.804592324447242824e+00
-8.509088644080859964e+00
5.022802414181299469e+00
6.675032953815126291e+00
-4.997643558505304284e+00
-5.683713063171190072e+00
2.353855819343053213e+00
-7.786026559887087473e+00
4.807463327961571053e+00
-5.507248172255154728e+00
-1.298173318033787993e+00
-4.876991139411739340e-01
-8.688954637467670494e+00
-4.851041922786391680e+00
9.394950480989873398e+00
-2.585307807432890570e+00
1.525724192981227745e+00
-3.519330991125382724e+00
-8.126887415154282479e+00
6.559158842824700741e+00
6.318295910821557726e+00
7.573408598423441163e+00
6.914122505575196698e+00
6.785134719852532470e-01
-7.131550913144206305e+00
9.611526293698187118e-01
3.106660897135071764e+00
-9.754101078538823799e-02
6.082955549551485319e-01
3.955197026854889941e+00
-7.941987743168271052e+00
-3.029743197309624492e+00
-6.252503329873562166e-01
7.628225499498086037e+00
-6.527995357181950453e-01
8.175670876813974530e+00
5.127176937154271030e+00
-7.910987675365353411e+00
-9.453234674067910959e+00
-6.986097271403306053e+00
-3.805447663837863814e+00
-6.501599745427739663e+00
3.966129758737515942e+00
3.430765408376291958e+00
-9.908615815866006926e+00
3.330914031156721578e+00
7.830801823690784147e+00
-5.457781984086524929e+00
1.675233838614342829e+00
7.546842834153633106e-01
-7.099915133313317028e-01
-9.608006703188681996e+00
-3.474067490042220818e+00
6.051247672388711862e+00
1.836287916918555752e+00
9.297012863864974719e+00
3.569040475785689281e+00
-7.333622871010863520e+00
7.494693917978345610e+00
-4.827958062966287045e+00
-5.074455611174350622e+00
7.848943270506424597e+00
1.183496092675714095e+00
-9.309122710287880409e+00
-7.067018118939683013e+00
-6.962195980994199118e+00
-2.532516236393236753e+00
-8.349575515814455784e+00
6.365995854803731646e+00
-2.636759714913847752e+00
3.648598198276502558e+00
6.454491660829386745e-01
-9.834086154128156565e+00
7.176895814246005756e+00
8.550026979655065418e-01
-1.032628862526301816e+00
5.373147981830165065e+00
7.910117925779793779e-01
-5.745248559228448570e+00
-9.413981431372635100e+00
-6.056925390541154641e+00
-6.638772966270634512e+00
-5.682946810404361671e+00
2.671162744942890299e+00
-8.911956023989056064e-01
-8.979673792707492552e+00
7.364769902701279847e+00
-4.646237154749941922e+00
9.136218319038334812e+00
-6.324154753381153071e+00
3.484696370461094261e+00
1.684028380024663818e+00
-9.308737327657539140e+00
8.129297365676844578e+00
6.745487552124561859e+00
8.661584761557257650e+00
3.635150516459761505e+00
-9.888541187587168935e+00
2.084765508581218896e+00
-8.525739007941734116e+00
9.502234134885156891e-01
8.865250075835007237e+00
-9.682889745592177633e+00
-8.700626923177035010e+00
6.276449791049326876e+00
1.266961976065383411e+00
7.211170944405004946e+00
5.605026313632793133e+00
8.613338666814836841e+00
-3.614124566048317888e+00
3.113724982470467140e+00
-5.652842008420149611e+00
5.158040926423963057e+00
-8.762513370557140746e+00
-2.532104642498190117e+00
4.003166451219779987e+00
4.876989270049971736e+00
-6.377174563009049280e+00
-1.276852341338416963e+00
-3.919764967060642036e+00
8.307808754175294297e+00
5.373134565429555920e-01
-8.127250998754291800e-01
-5.003962242669732774e+00
-9.395551830101780411e+00
-6.628831515777095618e+00
-3.836193276618418579e+00
-9.628426426653307502e+00
2.415238416092513773e+00
9.965430621877008122e+00
2.631310631533397171e+00
8.960926076598333623e+00
-2.805404178693285289e+00
-9.933152405017759534e+00
-2.732634808160065987e+00
6.066539162499147153e-01
6.443880215432180592e+00
-7.209865610084261078e+00
2.815011117769941507e+00
-3.467382330350519126e+00
-5.609311389277418236e+00
9.289453887085894479e+00
7.021953212197747263e+00
-6.655433844097742302e+00
9.027586050043343135e+00
-7.406038582188543273e+00
5.825226656022318039e+00
1.644429381012306735e+00
-3.879464288564069108e+00
-9.786956192549196132e+00
5.496768270621055663e+00
8.747290093602465788e+00
-4.602182568190514189e+00
8.924101382546517414e+00
-5.363190658639124919e+00
-7.952155832382645784e+00
-9.315808133882866215e+00
3.857525641763498214e+00
-7.370579713409590283e+00
1.008808760839727370e+00
-5.659508170812488359e+00
1.509197452259593675e+00
-9.666379191708964314e+00
-1.175873708272536788e+00
-3.516142851310459783e+00
-8.689531789096538006e+00
3.750031556058583959e+00
-4.135446864467882122e+00
-7.797509623373406029e+00
1.546538984209819390e+00
-8.908078546879741211e+00
1.488888715282676856e+00
-8.489637744751147963e+00
8.617386171081115265e+00
-1.880261092786383870e-03
2.414271549635984115e+00
6.376683326705261834e+00
2.914339259610015276e+00
-1.878775883701742089e+00
-7.057949441723381234e+00
-2.310234022917354579e+00
7.208993058551218525e+00
-6.713904099286523319e+00
3.549634962568203989e+00
-4.216219750292953705e+00
-8.797854037255008919e+00
2.950213083244825896e-01
-5.152089972013193631e+00
-9.832319687052226698e-02
7.281014845847540329e+00
1.285603765547936206e+00
-2.089536081828750724e+00
9.561547628323086911e+00
5.482415904541504403e-02
8.668024175217666993e+00
-2.103176119472063732e+00
2.037051534025135169e+00
8.919699792025408414e+00
-1.692299834210608367e+00
6.935549991645146406e+00
-9.539465530382802427e-01
1.174872205333514330e+00
-3.220882415671699306e+00
-7.271245159240176115e+00
-6.557833602405443330e+00
-5.234253868462741544e+00
3.455386508332793483e+00
-2.548268867026219908e+00
-1.020297378283260059e+00
-8.425395019509467787e+00
4.131385372347784468e+00
4.775922419052864853e-01
-7.165647596982227086e+00
-1.222728875833109186e+00
-2.975378920374596170e+00
3.283727153336432281e+00
-3.896726321243555446e+00
2.559210259061863724e+00
-8.839805102161236050e+00
-2.238407111402098693e+00
6.687771044186938241e+00
-7.904806759423719242e+00
7.125157667363779979e+00
8.832395471791539165e+00
5.489120512473737890e+00
5.275230239436545787e+00
-1.217938380859443726e+00
-3.720431762733522163e+00
-7.160095826364150540e+00
4.660223017568103643e+00
9.281685326856791818e+00
5.921667639860679344e+00
-8.256446059842168950e+00
1.505853970953708654e+00
5.178535588955469393e+00
-9.800618886953229136e+00
1.271448366609815750e+00
-5.574436626057616806e+00
-4.308654717092784026e+00
-3.242250171177580853e+00
-7.871723798645342995e+00
-5.954288732019154651e+00
-8.372556380928685371e+00
-5.955529264788204102e-01
4.172731567585381995e+00
4.293539680750289023e+00
-6.444189200513019244e+00
-5.127508667102834039e+00
5.281734953192565030e+00
-5.432694279425671624e+00
5.109922193343070518e-01
8.012796977325759684e+00
-4.059422675729091878e-01
-6.969751922465214911e+00
1.545766825464774286e+00
1.012624072811650677e+00
-8.157757336210632815e+00
8.192169023150235319e+00
2.710988871576025971e+00
-5.342566333879952722e+00
-5.869733064237385278e+00
1.484704731688569979e+00
8.095577497593382077e+00
5.897593107329576867e+00
-1.975878242306045252e+00
-9.070487295134590511e-01
-8.793204218047890208e+00
-8.672966700896630243e+00
4.183159752064716130e+00
-6.036007615579974228e+00
7.646317324664828163e+00
-4.037832266008283710e+00
1.369277584668648018e+00
-2.443895041306518578e-01
-9.136328158056885584e+00
-8.253539045441879551e+00
8.228807992131731197e+00
-4.916374129359177836e+00
-4.272147773097714207e-01
5.007951777463599541e-01
-7.229532495984822837e+00
7.577614088629172073e+00
4.897989254278121152e+00
3.399639041940398343e+00
6.765854850616111804e+00
4.638394446746156419e+00
-7.099087690430200936e+00
8.186442414521224009e+00
-7.201726452890726549e+00
-3.404176458761975610e+00
-9.742224376889470960e+00
4.944581535096542524e+00
4.478567373519027228e+00
-9.144545938234090343e+00
7.622626840391230729e+00
7.015818106124790177e+00
-1.666829227300732796e+00
-2.769712305910498884e-01
-6.402026722279396509e+00
-2.503451485743646288e-01
-9.945641169692162720e+00
-8.569430359727549629e+00
-2.069724862396258303e+00
-8.702308848031838906e+00
1.252717451456334175e+00
-1.545803670597795332e+00
-1.492183893904481806e-01
1.512310293066924771e+00
4.557922144964077660e+00
2.215458547676288248e+00
-4.859634111162827175e+00
-9.262282372725763935e+00
-6.387600698293043777e+00
-6.527624541917553813e+00
7.805246434714405268e+00
-3.568995851287162679e+00
5.149812368200706203e+00
-4.086721719229043259e+00
8.140330344723007983e-01
7.820740194693630798e+00
-7.739544566117679381e+00
7.539544008381497520e+00
3.430311040373288378e+00
9.701766813007768775e+00
-4.974803559331437697e+00
6.504487117792741913e+00
8.477318900872489849e+00
-9.333042867510181750e+00
-2.288487533946382158e+00
8.426718502621220352e+00
9.631708697935636110e+00
8.849949121077965941e+00
1.760952111868681058e+00
-5.123563150856151438e+00
-5.639758513680581231e+00
9.361461306904708124e+00
-1.448305691342833157e+00
-9.003366243036214911e+00
-6.575106652032838284e+00
-2.999825143145658402e+00
-8.901835105973196605e+00
7.438833996738608789e+00
1.026774180798341263e+00
4.837347078569262493e+00
8.752048977738283497e+00
3.808894648925047477e+00
7.011287305138736770e+00
4.052563220051098369e+00
-3.295423631767000927e+00
8.767663167242204736e+00
-1.402399801045227434e+00
1.818874400746963715e-01
4.175656082768892219e+00
-4.549661971567513064e+00
4.484373821869233723e+00
2.147389615605533209e+00
-1.276433340932609184e+00
-5.484229059779885951e+00
-4.533982716147519909e-01
5.334836084824308600e+00
9.954075364889554578e+00
-1.285137790623053888e+00
-8.297761529497332589e+00
9.648285627056289115e+00
-7.523549702511562742e+00
-4.211603728190709717e+00
5.524632399504936231e+00
-4.530031082903233752e+00
-2.557594618691407362e+00
9.370409508765924045e+00
-6.828133001532914470e+00
-4.249797104077650545e-01
-8.482178131347449579e+00
4.138088971331443489e+00
-9.559198735674126368e+00
-7.018956886833615627e+00
-6.090680772346496852e+00
