3.049132178666354442e-01
4.475036968328962583e-01
1.543152457422875545e-01
-1.195782757070912972e+00
4.815798662301404992e-02
-4.163811893587166524e-01
5.002754371642332831e-01
-1.054725357196981267e-01
-6.045169056983505929e-01
2.634838350063152257e-01
4.135109510507845032e-01
2.112708043415462700e-01
-2.916626639615736982e-01
-1.088611053231716558e-01
3.502431310266147513e-01
1.235889443469734283e-01
-9.311705414980431250e-02
-6.356975576096057789e-02
-3.677783083968088618e-01
-7.724053411593182483e-01
4.358364897029647772e-02
-5.954560069020569113e-01
5.852914457076741073e-01
5.877157422634666784e-01
1.948632691333003764e-01
-5.936528594423864380e-01
-2.614868887134140230e-01
5.498940365278193187e-01
1.120373364790598458e+00
5.082177112531821583e-01
-3.299897018258443615e-01
-2.788041531845222853e-01
1.055768153679556676e+00
1.924371619516059284e-01
5.279688618912545817e-01
1.181094182942923898e-01
2.390180101599993778e-02
8.282880542358227183e-02
1.084490587066852252e-01
3.922278956558070129e-01
-4.985457095779083914e-01
8.643436420260963704e-02
2.243718818357412492e-01
-2.985558140700398932e-01
-7.783823650696636287e-01
1.051646356795674364e-01
-1.574262006030454075e-01
4.006513170397867363e-01
-7.744932371155172079e-02
7.103793211404660357e-02
2.915029684856301206e-01
-4.085115781812237445e-02
8.909898490718740627e-01
-2.678057190727927694e-01
-5.626043352698263389e-01
-3.688256741325215970e-01
1.185888142318900912e-01
8.291090471256569172e-01
8.789607576125767208e-02
3.574942543954401364e-02
4.142816914501242648e-02
-4.570429937962766087e-01
-3.719286951219420712e-02
2.157458128712317832e-02
1.362559229901710300e-01
-2.836772156790053345e-01
-3.587075468384142707e-01
-5.060561318152049237e-01
-5.919565341886983134e-01
6.133669531106392819e-02
-9.244471495713532105e-01
-7.269918405461771593e-01
9.792849355314214854e-01
-8.644041134247211489e-02
-3.544098206381295912e-01
-1.367317073312716326e-02
3.163060300012926485e-01
-5.568496928234846211e-01
-7.492992830878464350e-02
-8.716900284500563034e-02
-1.734019003714394325e-01
-5.724147237306568270e-01
-1.074564565313894215e+00
7.470652103580116554e-01
-8.492355168372361929e-02
-1.793247910589594596e-01
-8.252311971230502641e-01
-4.496339293466135034e-01
-3.299773913105248733e-03
9.895424146388476228e-01
-6.925557917927316343e-01
6.109734513354028174e-01
2.894736113188061677e-01
1.642937716178156371e-01
-6.119210713248009886e-02
-5.132766602128308042e-01
-9.644903264839760348e-02
7.253489737976158425e-02
2.438379569250965495e-01
3.223044922090801401e-01
3.380200775216329195e-02
-2.498806437103714972e-01
-1.890880293452692346e-02
3.843910004153495708e-01
-4.649321535150756635e-01
-9.141416314151540323e-01
3.954267067974189254e-01
6.955486988590252606e-01
5.308087724187390277e-01
-2.197955212181180173e-01
-9.619662271201315784e-01
3.462677866244064928e-01
7.245709707940709010e-02
-2.136577832308864944e-01
-4.122412343643393484e-01
-1.735443314220756483e-01
-1.575496883131554116e-01
-4.447434874256387394e-01
-1.310611911722079671e-02
2.594165490612334035e-01
8.963816895067883150e-01
3.384564040048976818e-01
-1.127243967189864582e-01
8.111777199083320955e-01
-1.451172926735213031e-01
-3.035447988207509717e-01
1.570984907388425778e-02
-3.977024226477099411e-01
4.567695483569018666e-01
-6.129262846217852223e-01
1.472946584054402930e+00
-2.325389139846265052e-01
5.453273887511191909e-01
-3.520235361829369691e-01
-5.276016743469151837e-01
-2.645601435854403882e-01
3.847439378059355763e-01
2.668053640610052457e-01
-5.801063695962285216e-01
4.672873179925981502e-01
-1.128416699858649647e-01
7.525926691305370175e-01
2.248045805712884926e-01
1.710528321827624876e-01
-7.245193986094149441e-01
2.790914348494448749e-01
-1.223480096004865986e-01
3.942633877083510097e-01
2.477350318607852153e-01
4.505729328052553995e-01
-2.907951996958620944e-01
7.106661764549980498e-02
-4.956718582053225020e-01
3.278986189191128720e-01
4.293240013110060649e-01
4.641433329372426364e-01
-9.336393195826832025e-01
-4.378809199626473164e-02
8.108912771658749463e-01
-3.075246926113194001e-02
-3.399685652306199124e-01
1.556849984604905812e-01
5.317404803943529545e-01
4.756603114121549236e-01
-2.997866547637779711e-01
-2.061964494675463111e-01
8.685554277076835694e-01
-1.011236651949951826e+00
1.219396162541774853e-01
4.015799586738731386e-01
-7.395943225619791006e-01
1.546161049855125091e-01
4.473151525385478666e-01
1.205384968761819664e+00
5.333804405103658164e-01
1.190979919727815500e-01
-3.320240444107792205e-02
-2.313578773480940987e-01
-4.428679856192007103e-01
-4.547265361483314727e-01
3.849706920381888997e-01
-6.511405006098721637e-01
2.606183396249431294e-01
-3.455928057760666583e-01
4.927336208868309253e-01
3.533901869104099092e-01
6.344718117060487161e-01
5.225475172127128642e-01
7.382790675365981103e-01
-1.294193967806298029e-02
-3.931090165284185645e-01
1.032082430059338557e-01
-1.770669332463073453e-01
9.281358622977177175e-01
-2.844114806351354385e-01
-3.805707455958245999e-01
-1.278749595984496612e-01
1.931450790528225492e-01
-1.057158748735828713e+00
-3.140382041021383408e-01
3.542583967267848299e-02
1.684612888157007438e-01
-3.368060861394213124e-01
-8.344899944827519622e-01
-9.484213485278145117e-02
-1.252602188195666710e-01
-5.697616465238404537e-02
-5.679312407596073253e-01
-1.216204242569510624e-01
-5.213070765247380667e-01
6.346691291274306757e-01
-2.897062586492229475e-01
-1.734697693573005184e-01
1.025678309177188163e+00
4.065034731761065223e-01
-2.519353959876897142e-01
-1.624341165801354014e-01
5.886995554405565212e-01
-7.118993918809641830e-01
-4.797581667596237942e-01
7.115639032604423875e-01
4.263225162778543909e-01
-3.754316202190092211e-01
3.296796864761404877e-01
-4.063194454264680289e-01
-2.046071149451929860e-01
-2.044829809583634250e-01
8.454911754011854019e-02
-3.490205223356928621e-01
4.330691944086929035e-01
-2.543226819330186572e-01
4.928154947184891499e-02
2.378386007691903614e-01
-4.269986491185408517e-01
-2.235378168595910375e-01
-6.487424375696038137e-01
-2.586159510925491456e-01
-3.539015554508358891e-02
1.198670698861727946e-01
-3.662104009770247859e-02
3.956888048896157334e-02
3.191413641319388317e-01
-2.330310101519028620e-01
4.428338481010949401e-01
2.338220665221220629e-01
5.096490285539266862e-01
-6.987759233427481842e-01
8.388466378670575985e-01
-1.085946168718801563e-02
-5.600036274406642450e-03
1.270913764717988281e-01
6.804423407935643597e-01
-2.739395360232707022e-01
-1.348160782229069488e-01
-3.359841223313131398e-02
5.124478195873898301e-01
-2.029271258931935051e-01
5.025790773337599493e-01
7.787754112221584313e-01
4.838675535541435702e-01
-7.602228889496369379e-02
-3.102458452282232382e-01
-1.890097275362350171e-01
-8.626327669218573913e-02
3.987600572394328635e-01
2.429430075465467687e-02
1.100075353104393167e-01
5.952795486847205497e-01
-7.834771001562509385e-01
-2.505288521205631391e-01
1.585388360417607778e-01
-1.697755355176148451e-01
-5.920091300464120909e-01
2.963384610372537392e-02
-2.946905766725779752e-01
4.561056446828761629e-02
5.105630024801012523e-02
4.135785430873867297e-01
3.961328844609972033e-01
1.783570251072025270e-01
9.394080815184682742e-02
-6.736871168007145805e-01
-2.093277794448123452e-01
1.213126174578569860e-01
-4.179966063710451318e-01
-2.349803162295616143e-01
-9.958196316694162276e-01
-5.185192415893613571e-01
3.590991276903782725e-01
6.899056092927358108e-02
1.102457544846911774e-01
-3.213231544746307233e-01
8.309320777331212493e-02
-9.755255050885072166e-01
4.021341869729719853e-01
-7.672873962315260310e-02
-2.877294708518903787e-01
4.589965404436340268e-01
-3.282292134071277956e-01
-5.624262832582198612e-01
-3.630228099415065968e-01
1.841098129511144765e-01
-2.674532575578097426e-01
-2.405229700138790394e-01
1.252170167289256078e-02
1.327076934020528509e-01
-1.037599558561374674e-01
5.463635212118156392e-01
-8.155343706458741959e-01
3.571822819228419044e-01
1.378896317771508007e-01
2.411412499178625934e-01
-2.179615909753357672e-01
-1.094122430503494253e-01
4.243198205058661410e-01
5.373018613066206095e-01
2.898498171739136708e-01
-6.132076595811558617e-01
6.442559357132191522e-01
-2.302021185229218697e-02
-1.538507353976775460e-01
-6.325263082773163736e-01
-2.995281588524481564e-01
1.480775792921636413e-01
4.089910554132397125e-01
4.972225210192401934e-01
-9.920534564754916740e-02
-4.402368502364260860e-02
2.383983683334923998e-01
1.154332025064242068e-01
-8.717638943735696033e-01
-1.667965372035281890e-01
1.703853751244285564e-01
3.951824754245198967e-01
-2.259657916084026053e-01
-1.241968570475707467e-01
-3.161841196856943759e-01
-9.447855294805828086e-01
-1.239214070925208216e-01
-1.189865745674962838e+00
-1.745427180144627499e-01
-1.194838412366171720e+00
4.671683593874245144e-01
-2.148641363597621201e-01
8.926732706782906090e-01
2.601752071177768078e-01
3.529531278539502770e-01
1.110493623867504689e-03
4.978724675764662488e-01
-1.063863253576532997e-01
-2.726060826994390340e-01
-5.630794806996987090e-01
-1.605821179789556907e-01
1.231914387398944433e+00
-2.076856124278442933e-02
-3.037886061613159216e-01
1.346572765944382410e-01
-4.827127190381370614e-01
-5.791805928235299605e-01
-1.159393523073001669e-01
9.284534051931690388e-03
5.166499405300620795e-01
1.556771595727658546e-02
4.999180141706145442e-01
-9.745566297245242815e-01
1.148277389740447740e-01
9.691327810311825552e-02
9.851271528320025561e-02
-2.681040167298410770e-01
1.137500122444853545e+00
-4.646469608719794309e-01
-2.404216836604749774e-01
7.229276395472122863e-01
-1.481928231112096539e-01
-6.204521689494993169e-04
5.371507969451633224e-01
4.608835053113367053e-01
8.175823094281770009e-01
-4.453621015732672772e-02
8.222236173557612160e-01
-4.072617657747891196e-01
6.899603487956366132e-01
-3.435934725914325805e-01
5.446877266105433213e-01
-1.393594569927242566e-01
4.424523851180381384e-01
-3.497382170540426216e-01
-4.136073205903861294e-01
1.013476036453117235e+00
2.998509751610751728e-01
-5.618111786724022672e-01
-2.684982816340970024e-01
9.342902616316169084e-02
-4.539320673962304320e-01
-1.009908592817528872e-01
2.377341893924131977e-01
3.642581271599238946e-01
2.446393990741412838e-01
3.464089627744951772e-01
4.931204327580849811e-01
-4.208993364194800191e-01
4.267625218718906766e-01
4.024936800187651209e-01
-7.215767676505124850e-01
-1.142169086126979954e-01
-1.866103192850486134e-02
1.015875444889084545e+00
6.793333838501526278e-01
8.824850618569939076e-02
7.778859177224226040e-02
-5.709270211707981879e-01
7.125203420864962833e-01
7.174922149787997805e-01
-1.846675149647033221e-01
6.407955250487962218e-01
6.763941600728519410e-02
-3.818953623876928521e-02
4.723850016055803347e-01
-3.811512598341938451e-01
9.947082332564215201e-02
2.686912071842404437e-01
-3.932202524542297017e-01
3.247710784589373234e-01
-2.022180610553984681e-01
5.483265163468492576e-01
2.483593012246521348e-01
-7.118081138932037533e-01
-1.526071767464218520e-01
-1.614562719815890723e-01
-4.687239882780043221e-01
5.715378512082568419e-01
3.198255730614999459e-01
5.922678983680006864e-02
-7.877876255205840117e-01
2.931961686515322518e-01
4.428038585944409911e-01
6.051297932382469075e-02
-2.271646399163006480e-01
2.287468560194001188e-01
-1.448104058771932379e-01
-3.362841321198101197e-01
1.315345769763992811e-01
-1.095342140849809992e-01
-4.909932168369198630e-02
-6.878146546228443015e-01
-3.080330732674881888e-01
-6.020876384024984596e-01
-3.696421973924119420e-01
3.991704780780849227e-01
3.165975538112621446e-01
8.000419360135513358e-01
-1.483853776661240020e-01
3.203187099601491616e-01
3.812649856526826309e-01
-6.987235157701150723e-02
-3.234778783292101001e-01
2.282000763810381749e-01
-3.454084180980573904e-01
1.761794598797025990e-01
-6.381762341896409785e-01
4.507181418386538851e-01
-2.436590623946294776e-01
6.392430385900672585e-01
6.836058756341053533e-01
3.947578391149373397e-04
-1.962731214738477545e-02
-2.280112728970059288e-01
2.935464622460447481e-01
8.857900660297507445e-02
7.166800602850132984e-01
2.793978326616557983e-01
1.909646839665999629e-01
6.947835337206127448e-01
1.082971883184998152e+00
1.963241953422513730e-01
-2.349022939257129627e-01
6.345356471928818021e-01
4.159319839191518708e-01
1.451342546024076141e-01
3.825597487537151231e-01
-5.587173096101240022e-01
6.167265400598217484e-01
-3.347867524223624436e-01
-6.625378558686078057e-01
-5.826488207918473217e-01
1.010773460861146555e-01
-8.132451522284862566e-01
-2.735659531381513521e-01
-9.188977943965784823e-01
-3.323532287972973398e-01
2.103488390969018573e-01
4.215249813120505035e-02
-2.253210855496290410e-01
-3.065536255980038649e-01
6.354604014176635784e-01
-2.534557590119140280e-01
2.203452360207228400e-01
6.081064290963107410e-01
1.035861710489756511e-02
3.279733033783731599e-01
-7.354507170231341373e-01
-5.862162273111138910e-01
-4.156116604782830737e-01
4.346210069449206737e-01
1.916934213485664007e-01
9.118761903033176797e-01
8.234069400375082504e-01
6.405052497213599150e-01
-3.602639744440401803e-01
1.796124879364441596e-01
4.527935220718436460e-01
1.432127338869089717e-01
1.270038933000652293e-01
-3.277848925176571337e-01
-6.688616016382546992e-01
-7.091479544219353448e-01
-4.642722489679396158e-01
-2.600792698257813323e-03
-2.308011963614406969e-01
-1.020782102659565094e-01
4.675343307264742676e-01
5.726048440830009412e-01
-1.522325216271030179e-01
-8.974165116086123550e-01
1.862302647882032591e-01
-9.146417099439029252e-01
1.700768527538949193e-01
9.261797002759549965e-03
5.190822232993870244e-01
-4.141105132686828671e-01
-4.336178429177767746e-01
-4.373222262724351106e-01
-4.192058395222033051e-01
-2.930414404302644771e-01
-1.998238273170910018e-01
1.327032065630300850e-01
1.646588826384107751e-01
2.637712488600943428e-01
3.510950132584548800e-01
1.499932732986045958e-01
-3.419948246136950143e-01
-4.012492176674069787e-03
5.352876416489100730e-01
-4.754605136951506883e-01
-1.468239821511218013e-01
-4.010790246191544561e-01
5.810655131674271612e-01
9.671766824395404694e-01
-1.047085534141081187e-01
2.325444204508384516e-01
2.021984535218203094e-01
2.304864304662304283e-02
3.284962242502932339e-01
1.052512158132029169e-01
-9.175120110710677235e-02
-1.317511683331217265e-01
-6.099475724186024239e-01
-5.774011173025008631e-02
-2.336453685964202387e-01
-4.405455655148509675e-01
4.320496012102034711e-01
-1.852286902782514233e-01
-2.112842761125933166e-01
-7.417173167589364846e-01
1.618902164442452829e-01
2.535947977612568183e-01
-2.163365902055882917e-01
-1.972754723332000582e-01
3.803354457683470746e-02
3.888616638281139903e-01
1.705768855394181882e-01
-4.238417001607883150e-01
6.090094670935643911e-02
-6.946939301117745214e-02
-3.546957541024459704e-01
3.485804643472237840e-01
-2.455159956803403820e-01
3.227588390135359697e-01
1.010991881016623184e+00
-7.817992880928577304e-02
-4.467849461199737138e-01
-2.870596348088705341e-01
-5.119120327936386161e-01
4.630914010639543554e-01
5.748176665715748479e-01
-1.358952161546340409e-01
-2.162245303497165472e-03
-3.651392399544215461e-01
1.382819483813671146e+00
3.509295166387356446e-02
-4.846790358657504516e-01
1.816026017790469682e-01
-2.075107154611901816e-01
-3.223914929655976591e-01
-1.980493154517217469e-01
2.100134175742063014e-01
-6.697565736569326411e-01
7.549729291250047991e-01
4.687715035501995864e-01
1.827711859624421842e-01
-2.755838658608457115e-01
1.950903091403478062e-01
5.052928579651769780e-01
-5.561836084695566118e-01
2.637598105524100456e-01
-8.540802924692024456e-02
-1.902925467945378382e-02
-1.149564163750189660e+00
3.711508193567091274e-01
-7.152021154024994498e-01
-2.688138218842834552e-03
-3.785781258402224347e-01
-2.857899000975338000e-01
-2.808388767301904232e-01
4.417113964772127477e-01
1.311471948974599844e+00
2.718216931864383401e-01
-5.555022951107548845e-01
-2.594398797104500720e-01
9.956096982476693447e-02
-2.754874608055314367e-01
-4.143108530077317941e-01
5.960669527033594095e-01
5.598296945216979514e-01
6.782802593458044094e-02
-1.126887825686388317e-01
8.750303645003891795e-01
3.790408328907339253e-01
-1.110964945181036612e+00
-3.278217026685457114e-01
1.187014214286268160e-01
2.003609985706332128e-02
-6.569715679533295605e-01
-6.033500034001672008e-01
-9.790082570954290742e-02
6.227316115775691774e-01
8.628793608647071511e-02
5.649048257158076902e-01
-8.781596201815435876e-01
1.337712823054433287e-01
-4.006087179151653355e-01
6.038527795906277751e-01
-1.108827919659502337e+00
-4.418476835042959433e-02
-1.651942209509386639e-01
-6.134844328864536012e-01
-3.831116496385830739e-01
6.140882912166197860e-01
5.230380522127527909e-01
-5.389539797729557824e-01
-4.603862536474439549e-01
4.977926084314298061e-01
4.823973617922909796e-01
-5.083391888308449458e-01
7.863040676530540507e-01
5.894185123591410003e-01
-3.136338696861185049e-01
-5.068450271766096193e-01
-8.556604919968511247e-01
3.011209752080470925e-01
-2.567762067743934451e-01
-2.956985753613796120e-01
-6.995898246400327203e-01
6.760061953762583897e-01
-1.572497900408346416e-01
-1.707497787020772761e-01
1.724216835274285375e-01
-1.261406036152886434e-01
-4.333172704374894102e-01
-8.439465582116988385e-01
5.212213797903366697e-01
-5.432544377548503139e-02
-1.937950074673642220e-01
-4.604951235859940928e-01
2.711137671328324728e-01
-2.202098173314540053e-02
-1.500210248169468186e-01
-3.222056483831983731e-01
7.477675382293580419e-02
-6.614480302894306663e-01
-7.342448506571040978e-01
3.862063875818962932e-01
1.937000160711540298e-01
4.615026817925892422e-01
2.996143865106860038e-01
1.733554503817532344e-01
-1.155151665762740087e+00
3.340828697506116884e-01
-1.022545815319865437e+00
-2.857878923717788178e-01
-5.004800647306231198e-01
3.046491749652148820e-02
-5.942526424050164069e-01
-3.608451140431867543e-02
8.670148502308271110e-02
2.362753947422985279e-02
3.942933503141845542e-01
-6.331569301495553193e-01
-6.025700350824562124e-01
5.579332657939795742e-03
9.268103650146301831e-02
-7.203393525589979474e-02
-1.613904385807358177e-01
-5.719286094907194418e-01
-4.929862982660826454e-01
5.283525659293100141e-01
5.502449624567523623e-01
6.233725754299453969e-01
-4.121244365608908028e-02
-1.591127041197512304e-01
-1.585621870142033540e-01
-1.978736612916189574e-01
8.052110881790386365e-02
-6.475452466089840486e-01
-9.786340857906057622e-02
-1.359835967699293269e-01
2.686233782014130211e-01
4.560418340079108734e-01
4.174076672577510250e-01
6.193003101218274020e-01
-1.645261534090890487e-01
-1.497719104751035479e-01
3.374171269954265306e-01
-1.839861458984549947e-01
1.377875747493366720e-01
1.330867430309557453e-01
-3.478602701031814903e-01
4.483933714862002595e-02
-2.417522002740512821e-01
3.076631497929168124e-01
8.565504723058119385e-01
-1.131194671557907011e-01
2.064853249600595853e-01
-4.084274594595743713e-01
5.495718344106976794e-01
5.745044528837413012e-01
-6.887724150632569542e-02
4.168397155342696281e-01
-7.489704478716954217e-01
7.871298863192310868e-02
-2.287942503528964666e-01
-3.084866274942814623e-01
1.336164230787683649e-01
-5.576978858261784078e-01
-8.540478279248295279e-02
3.134728599958042095e-01
-3.638867668629143237e-01
5.812907902482469247e-01
7.370517020940063890e-01
1.173409505704329642e-01
4.327073369163541017e-01
6.623190679614848753e-01
2.453041646932698217e-01
3.224807874091582538e-01
3.893803804122648038e-01
-1.509362374104515972e-02
-1.874065651074279248e-01
-2.782176206214379555e-01
-1.774430067963725099e-01
-8.748488202720561269e-01
-1.688184844602961254e-01
2.271648518873449485e-01
5.563686693657159399e-01
4.734099560842117693e-01
-5.048392530310946702e-01
-2.659255108111454602e-01
2.965268166469450795e-01
2.516494414683886349e-01
-1.079998146256818947e-01
5.731884324519995744e-01
-1.006810132454164647e-01
-9.810645816420392185e-02
4.466181854452492828e-01
1.129690175833383270e-01
-1.026222346532636304e-01
8.866188732979390918e-02
1.389351334859533459e-02
2.820175078674830305e-01
-2.827939459054200078e-01
-2.301226370878307614e-01
-7.779130589366898274e-01
-8.127233650497586726e-02
2.404507432852700244e-01
5.893925022886559173e-01
-7.888650557167334321e-02
6.810460310836738973e-01
3.357644492464970098e-01
3.113041008206429150e-01
-3.775834432593436207e-01
4.198176913148380929e-01
1.246979114911265368e-01
-1.298272844701772906e-02
-6.942984906205356133e-01
3.934986794815933248e-02
7.099039788191134903e-01
-4.725329878228657909e-01
-5.537283993075646782e-01
-2.097530447570471746e-01
1.273890903631094140e+00
-6.157477976887721915e-01
-1.280499514405160522e+00
-3.827626751043465281e-01
-3.179739458859716095e-01
-9.142453093094657923e-01
1.160646125802588038e-02
-8.519744608408769126e-02
-2.868088797013129132e-01
-1.319842889990731738e+00
-5.391861860253660543e-02
-7.630564046412428858e-02
7.726825897575776425e-01
6.184875187509392830e-02
-4.561820609034438617e-02
-2.414551077271004376e-02
-3.900545210086731052e-01
2.069239446175903316e-02
5.646663834555823991e-01
-6.522580458284210625e-01
-8.042909782433131649e-02
-7.962670873368253854e-01
-1.559797491386847312e-01
-5.907356498802488476e-01
-8.200167510642283331e-01
2.875427016560437865e-01
7.865506788275141714e-01
5.452454328953981744e-01
4.370789902584469311e-01
1.883257172427096199e-02
4.128914735536940439e-01
1.547459732113051489e-01
-1.138418726388414071e-01
7.993807665941944363e-01
-3.173413337471095996e-01
-7.988670700945749159e-01
1.693981909756389348e-01
-7.346645785083321112e-01
7.851841728364991058e-01
-4.730525682390209763e-01
-1.181248564484448094e-02
3.606163866800679019e-01
-2.957132849511421302e-01
-1.354217001019337452e-01
2.215045455120083218e-01
6.151242373239611538e-01
1.208458298393986358e-01
1.532484902742946575e-01
-3.669124085324739215e-01
1.386492787262676440e-01
-2.017538718428722733e-01
-2.872886863720051573e-02
1.507488958376609123e+00
-4.501814808822013347e-01
9.512927518648800485e-02
5.774761826806069920e-02
-1.289213613448949962e-02
1.709719777203822788e-01
-1.542290848313575546e-01
-6.106080186587473646e-01
-5.203724777389362455e-01
2.751915796217960786e-01
7.623614805085148216e-01
-3.977816032726091966e-01
-3.716741545066443164e-01
-2.785438259231483582e-01
1.878466834115151418e-01
-3.678319510313914908e-01
7.492240457830225964e-01
-3.548142501381951197e-01
9.357421664616027979e-02
4.776380690784001043e-02
2.005032488580239802e-02
-6.732017822729198520e-02
-3.445714852059932887e-01
1.344659423349541805e-01
8.450285320555600554e-02
-6.297011547688728950e-01
1.754540268720646279e-01
6.511384850794416090e-01
-6.312768202419359875e-01
2.849238717515629737e-01
-7.326856295897322680e-01
6.249351277283628908e-02
-3.104445040359689045e-01
-4.270591832056437887e-01
1.411706156847552518e-01
-3.676678716890260934e-01
-1.298784137910977410e-01
4.757928549369791482e-01
-4.357374318938964097e-01
-3.591589386313292498e-01
6.630486926302707751e-01
-3.008819598192564726e-01
-3.003953647387869186e-01
1.630784466023873364e-02
5.297579111996681966e-01
-1.222937473459562024e-01
-1.935345431592576659e-01
3.729472685892076811e-01
-4.089247833734344639e-01
3.589929288549721931e-01
-8.037338041762149068e-03
-4.904482198765764411e-01
1.926677974111677127e-01
-2.224470081513549025e-01
-3.664318875562977418e-01
1.905146466458531029e-01
1.790790104460083521e-01
-6.666886776387752622e-01
-1.680609947291803186e-01
5.918837706008803767e-01
-2.988884616985977849e-01
2.622191327428683993e-01
-8.633167097401880929e-02
-1.048697900172275987e-01
-7.970027716827868813e-01
-4.162848443358733164e-01
-7.803091838731089913e-01
1.014710035724976978e+00
-1.007684407277413541e-01
-8.510061413974702171e-01
-1.456422187389146139e-01
7.007406052378593042e-01
-2.762297179062762620e-01
1.205653046076465701e-01
8.195874955302454024e-02
-9.554638265735729274e-02
1.872869450001088953e-01
-2.799848510847348648e-01
4.078398283900636079e-02
-6.925411138510633759e-03
4.176773855373518973e-01
2.855280051286658849e-01
-1.289611624489476679e-02
-2.597313451793389349e-01
-2.102169290337732033e-01
-2.842326757143480154e-01
-1.347301928638653112e-01
1.533280070160916164e-01
4.175434334843795836e-02
-1.819487806540831532e-01
4.023357568648262828e-02
-4.988691568062717657e-02
5.202582956743689868e-01
4.246208329762842792e-01
6.849868289287888157e-01
-4.332776656982449959e-01
-4.443095623090305701e-01
1.348170276934343159e-01
1.481959796195639056e-01
7.598923267051398422e-01
-6.819708114131222132e-01
-4.721009669475751402e-01
6.493934570704421594e-01
-1.650830486750844150e-01
-8.673410031222047456e-01
1.714869642180104625e-01
7.543980569937489555e-01
-5.596155537410267555e-03
-4.181247220882922666e-01
-3.442751393625115286e-01
-1.227201828199830230e-02
4.323656887349169309e-01
2.296558236613491233e-01
-8.280914774062195227e-02
-7.895016951924674342e-02
6.653188631539984632e-01
4.538795130934957234e-01
3.440591816800708802e-01
-5.106164022670867109e-01
2.895332418733633784e-01
-1.924862598160747007e-01
-4.101448290943315311e-01
2.314648548343601620e-01
-2.373560922063006617e-01
2.038757883982737495e-01
-2.414484605517102922e-01
-6.754174561216917949e-01
-2.390803738971168102e-01
1.289806398585662928e+00
3.452763379884515316e-01
2.067037531853519253e-02
-1.433647276845088081e-01
-1.933981164594278934e-01
-5.312236168149673254e-01
-4.429090398360052139e-01
-1.753042222582451293e-01
-6.621089418738150545e-02
7.667030496022958497e-01
3.775546596172352221e-01
3.717215945654502030e-02
9.001291001271530257e-02
4.626101414204270568e-01
7.592167259297180060e-01
6.389387694942882945e-01
-6.646090554612793522e-01
-3.394283605964725226e-01
6.553519240424891812e-02
2.847859394847586101e-01
2.282112813759610837e-01
7.118885635836655346e-02
-1.232993919086230877e-01
5.232298514972096859e-01
-4.984420329080142542e-01
-8.434941792923765502e-02
8.695336334922325675e-03
-5.400616001725938586e-02
-6.227200348357503357e-02
-3.759864595573653712e-01
7.392890090171456707e-01
5.209464293152128445e-01
-1.797407033509410834e-01
-2.433214006662902940e-01
4.140639613335552610e-02
-7.837316112105692234e-01
-3.491582131442573234e-01
-5.287827645984242153e-01
6.915882019406590642e-01
-6.560728292873328760e-02
7.407223669335778471e-01
1.319617565839983908e-01
5.474137096863794794e-01
-3.255035636402997534e-02
2.886017768623216906e-01
-3.639595052170297440e-01
3.630820227813985057e-01
6.542686527892287440e-01
-2.820279319259965112e-01
-3.678008836336235099e-01
4.351793983746478078e-01
2.274668574329885840e-01
3.014150639981536539e-01
3.634225782138379990e-01
2.704046030684155721e-01
9.208725295722697268e-01
3.931441639538642008e-01
-5.304395857072630172e-01
-5.284310720165016351e-01
1.586664890721717625e-01
6.062716265863166143e-01
-2.733610241882382663e-01
-5.670218835856049022e-01
8.983618217929793814e-02
-9.644903810418190560e-01
-9.992937401810465803e-02
1.032616262157056486e+00
-4.665356579682218841e-01
-9.280111307219383043e-01
-2.551442782716584201e-01
-1.960053410092636450e-01
-3.661985140275250128e-01
7.614415660457033441e-01
4.779892393905995490e-02
1.898692463162802713e-01
4.918098741345074965e-01
9.584372897706299188e-01
-3.860079103068583817e-01
-3.550795093439488292e-01
2.277572386145436667e-01
-3.069188773964084405e-01
-5.293618816987177844e-02
4.809284696996291020e-01
-7.693445104843685822e-01
1.102090843876703863e+00
-1.146520831449828526e+00
-5.999050303870988587e-01
-3.701047643656164565e-01
7.095190824300949828e-01
-2.016921088761783054e-01
-1.793260772549015170e-01
-3.275222111565008198e-01
3.799025034974638781e-02
-1.194371976691760845e-01
-3.457278441930597412e-01
2.701031248604392476e-01
-5.886494019872927641e-01
1.575545132087607103e-01
-3.247999416744453138e-01
4.047966108469477908e-01
-7.757584608952468042e-01
-2.831988711155072336e-01
-4.547943704357174655e-01
2.176908957901324201e-02
4.152597639744405322e-01
1.658587021721124599e-01
-6.095419341806023183e-01
1.570475398780177556e-01
-1.140948904200145414e-01
6.508180944723139794e-01
7.610993561301911126e-02
-2.631023776926444402e-01
7.833300375169396368e-01
-8.872045004847600724e-01
5.401086931555816317e-01
-1.759486649581889772e-01
1.316478671027227279e-02
-7.226707094424922491e-03
-1.290656755111823095e-01
-2.520883476702228676e-01
-4.936786002783246086e-01
-2.653836417356374988e-01
1.234235997717419847e-01
2.751859288451117755e-03
-4.265466937998970698e-01
-1.479975208579198120e-01
2.936523766529797741e-01
4.214194104612742908e-01
-4.992264538489267212e-01
-1.432643053710776215e-01
-2.250466294121317712e-01
3.413867863614962195e-01
5.090898179374708787e-01
-5.101372852962908766e-01
9.345470480878854957e-02
-6.651333211566268222e-02
2.400348132349088004e-02
4.569890914907170920e-01
-4.741919578218002918e-01
-2.079199222910334821e-01
-3.617556703043467436e-01
-3.874271213592933583e-01
-4.932465031048726134e-01
1.634401506145518879e-01
-4.874358727067542585e-01
-4.564835562684869674e-01
3.727118928189064317e-01
1.147958977583182882e+00
7.903392821561837367e-02
4.020374384836884751e-02
-2.026508089738396357e-01
8.337449736158146774e-01
-3.320809327514162579e-01
7.592623258297566402e-02
4.021064153172036054e-02
7.373922894034559694e-02
3.893763942973335057e-01
6.064700042272426206e-01
7.054293504003003035e-01
-3.033389636332543549e-01
6.571844075189479939e-02
7.609376156211530295e-01
4.854926063424121196e-02
-9.990857479739596869e-02
2.883466663890560389e-02
1.256896856649170613e-01
3.383669950424154638e-01
6.613398783314949902e-02
-1.116981686083362178e-03
-1.273866709930644436e-01
2.600369109310755045e-01
2.276774469061787209e-01
1.770541529336394082e-01
4.458353901746244241e-01
5.402998827582374680e-02
1.088804546309535409e-01
-1.878735391288277046e-01
3.789722412052831113e-01
8.144684593701654318e-01
-6.019356473394493756e-01
-1.606428798898536583e-02
-2.885849704262917481e-02
2.782940240824924479e-03
1.472910140987064298e-01
1.489268472270398880e-01
-4.980339510801846115e-01
-3.614868768393650345e-01
2.747997503480864231e-02
-1.223996168801480960e-01
1.210814893844680551e+00
-3.499210104246077147e-01
-2.283789020917667001e-01
2.603645767246378639e-01
4.541136985741935916e-01
-3.565262558254375051e-03
-1.304610563452446026e-01
-1.492846477281241924e-01
-1.106828749806485046e+00
1.075327815831757378e-01
-8.694023193331522348e-02
5.791760451717885561e-01
-2.605274093748706846e-02
1.660417575414365743e-01
2.192231712225271578e-01
-7.495639342745138434e-01
-2.688760197525503770e-01
-2.329895811250278503e-01
5.883555331206177241e-01
-6.082946411023950617e-01
-4.568197057615120404e-01
-4.157835108416503556e-02
-4.471061065289843039e-01
4.867673108131411186e-01
4.974324202332971456e-01
-7.140969560062619681e-02
3.010867118739235515e-01
-6.578308173846857398e-01
2.246241514818602125e-01
2.636321116980902199e-02
2.124232206368427966e-01
7.656687310095735555e-01
-5.148139354370169229e-01
7.060502207477353798e-01
6.307695236389464222e-02
4.343941874800376635e-01
-6.267020623224331954e-01
6.148150489290993281e-01
-1.077499366571020439e-01
1.428347591438568487e-01
-1.711192313517725244e-02
-8.327604580610338536e-02
1.642372984425556973e-02
-5.693167016567096672e-01
-4.987270787571989050e-01
-5.384427338635233706e-01
9.275017319358473677e-02
-2.730531396209066042e-01
-8.748272471255448546e-02
1.336583815506244000e-01
7.051190711320948212e-01
1.573055828021067692e-01
-9.371271468480181221e-01
6.076163135679603089e-01
-7.599357653677986102e-01
-1.009190936280513484e-01
-6.854303380196362649e-01
-5.479871907444739954e-01
1.546323442183625552e-01
4.471040949682111507e-03
-2.472007725339933626e-01
-6.252026852617278418e-01
7.961598956126719751e-01
4.335487200466320856e-01
4.170163969574369744e-01
-4.322134452822531947e-01
1.075243010683323064e+00
1.458569161090404742e-01
4.964568031114174190e-02
3.069479563478138551e-01
9.720425733216547792e-01
-1.276606225513538251e-01
-3.802085955514478699e-01
6.679231680426137019e-02
2.965302139259645697e-01
4.329618167047678129e-03
-3.999025832513537493e-01
-5.160962179080224033e-01
1.722449747142830723e-01
-6.344237176175350212e-01
2.436361319351938726e-01
-1.030670148585451695e+00
-2.956603109918936045e-01
-3.184101551922714490e-01
-4.662567795698160933e-01
-6.819773573606047190e-01
-4.781449681990339040e-01
-1.871576423383723431e-01
4.944780160223471999e-01
3.870278102852006130e-01
-4.830678238647800882e-01
-4.843344076526915898e-01
-2.101931219101859094e-01
7.306994292563273596e-01
-6.414498850432862054e-02
-3.198096368292812075e-01
4.747492001218305835e-01
4.287908618467896615e-01
3.934992074647137295e-01
-1.520247344646642740e-01
-4.468949193645744417e-02
-3.894290089578336667e-01
-4.635833319115673645e-01
-2.256325743552937135e-01
-5.556541418964074941e-01
-4.640045870949374152e-01
-5.442971933171467658e-01
-1.938963726922824926e-01
-4.816602315617260488e-01
-4.807605216070044429e-01
-2.757959833932256966e-01
5.940443387125014102e-02
-1.532193242313882320e-01
-8.495758669106496797e-01
7.258507542733295681e-01
1.347710180025884219e-01
-2.149194161247079682e-02
-1.903698387525342428e-01
3.643820052317173763e-01
-1.237299855275644456e+00
1.188458175431573505e+00
-2.125701789682797882e-01
-5.186689497065352095e-01
-1.633248054942156580e-01
3.829900614055888330e-01
-4.554200717899385409e-01
3.883001371423842052e-01
-1.739666585518692687e-01
-2.827291995536688196e-01
-3.216467208098157116e-01
5.042198791019143478e-01
5.107919322798240014e-01
-6.182666305765638359e-02
-1.049659334841881314e-01
3.382895602528836476e-01
9.119803435918575341e-01
-3.117809655672215130e-01
-1.071048412711473219e+00
-1.913290316330179819e-01
-3.543616344689548558e-01
5.956224810972098327e-01
1.828959049267550041e-01
6.710560901552659052e-01
-7.699280082186749086e-01
-2.297479479465042856e-02
6.724643214338357211e-01
-2.545717758830136623e-01
4.965526371800461219e-02
7.382394550823190293e-02
-4.136718583347925304e-01
5.454486441404575725e-01
1.532676257504444750e-01
9.772589134009459499e-01
4.827251917511427015e-01
4.697250800510874846e-01
1.497557361710165624e-01
4.809877674964856409e-01
4.243845235881598121e-01
-2.489182281300756916e-01
-3.115551417742553619e-01
-1.369630621607638562e-03
2.655403412246380990e-01
3.058409208437717908e-01
-4.075783035205917115e-01
-3.117848665699362032e-01
-4.849861641543737334e-01
1.235588173682151014e+00
3.501407815078919072e-01
5.663708836106811084e-01
-1.547892124087728583e-01
3.559562712589001698e-01
-1.195937787622509685e-01
8.604622718132119708e-02
-9.066265258448865660e-01
-9.258633595215905177e-02
1.508562566508964975e-01
7.199783626045906937e-01
9.462584843108471366e-01
-5.792151294600117462e-01
3.395517179136909314e-01
-6.847767178287633705e-01
-3.497037200831008552e-01
2.640468826144190539e-01
8.758639130823941965e-01
-1.872944872060070820e-01
-1.200321669318364481e+00
6.653387319884582762e-01
-2.584962730180669355e-01
-5.039475525698654951e-02
1.151602529919812379e-01
7.928083444270671576e-01
-4.988679225713092968e-01
1.246464141799823316e-01
-1.045508323978994042e-01
2.103466927531778830e-01
-7.027983019483133864e-01
6.209041801513863756e-01
3.770131658378254591e-01
-2.364092931432844324e-01
2.170966696368979709e-01
-4.381181381569764777e-01
-2.523715008125742773e-02
-4.820599487386718202e-02
3.959609510162094281e-01
2.693738409651173504e-01
9.750416508019545125e-02
1.691934349422721806e-01
1.949770099157013738e-03
1.044758030320249720e-01
2.635766737247893787e-01
1.974431715403189291e-01
-1.734559318874038525e-01
2.320705491547323807e-01
-1.183512804572193350e-01
-1.773129831269336654e-01
4.569649599723148992e-01
4.625426143411778268e-01
7.902374973731793317e-02
6.850158242420043564e-01
-6.502071448277120247e-01
-9.846738825391603001e-02
7.398968387696142068e-01
3.221820107973935032e-01
-3.098435424744372391e-01
1.888520572900774519e-01
-1.570693977560319310e-01
-7.207631823616276190e-01
-6.673566614760858551e-01
5.113436727658617065e-02
-6.620811294022524995e-01
-6.007318877527781931e-01
5.592345984759225855e-03
7.501765763368442030e-01
4.902256200952466725e-01
-2.673092963049309434e-01
-9.725016175355795101e-01
-1.112250747048081218e-01
-7.267976098895823078e-02
-3.353129684617465189e-01
1.849105170245357241e-02
-5.105994520485077626e-01
-1.590821122472948490e-01
-3.477006040883098142e-02
-1.357498119853081386e-01
-8.486089911806375674e-02
-1.742001011296306912e-01
-1.078739910857845485e-01
7.695143446936262288e-01
-3.922967739857666919e-02
-3.442660748734477361e-01
3.246918731072748199e-02
-1.256401982896416247e-01
1.088465383237946227e-01
1.538053285299417206e-01
-4.190814707845164078e-01
5.432245895522050949e-01
5.645641947803576449e-02
5.822700107816807663e-02
-2.659901518328665337e-02
5.357617725965129196e-01
5.430895839090719157e-01
-4.380478426760672228e-01
7.462655544445256917e-01
-1.451980036343994418e-01
-2.518146543723342456e-01
-1.105516045280319881e+00
1.116009081617435061e-01
1.634366472835299955e-01
-1.003175080237259653e+00
1.501129574985828330e-01
-2.120793340667860294e-01
8.142593980878233551e-02
-8.291980386888420096e-01
-1.862121651994801674e-01
-4.017182423248477074e-01
-2.984704464546860114e-01
-2.435513058745212515e-03
-3.431576077991435966e-05
1.240068235126407376e-01
-9.747847014146501232e-01
-3.536353520908580572e-01
-3.873755364959902137e-02
-7.255410847242720340e-01
5.581636139150849552e-01
-2.904124998463882834e-01
-7.386782827771529725e-01
9.604749032601522796e-01
-5.040497069357008364e-01
-3.426785978016274048e-01
8.494627001401736099e-02
-1.256405757960162850e-01
7.501604077475385601e-01
1.172761810083500361e-01
-1.784541426937858721e-01
4.556400201892264468e-01
-6.182601825870093215e-02
1.540584455367849659e-01
5.130931029332433946e-01
8.291855586989579918e-02
-7.411176886177824052e-02
3.856812100910596564e-01
3.215806680668882866e-01
-5.471296204506748140e-01
-4.410355479517429900e-01
6.173787503348449057e-01
4.375269477280254171e-01
-1.221242172829036132e+00
3.987271219684568324e-01
-1.882172403895611412e-01
4.363004642576899517e-02
6.083309673158466824e-01
-1.066504655238638133e+00
-7.832400184348322636e-01
-2.643644766505195282e-02
1.660079193114331331e-01
6.305933066217939142e-01
6.918044376656432015e-02
-6.278139411474092935e-02
-9.897784320034837269e-02
6.882063434224292564e-01
-2.619884011829735071e-01
-5.348399844686088089e-01
3.061176912384417914e-01
4.354315185521851483e-01
3.431211135714296590e-01
1.830113473941981372e-01
-9.602320995031395079e-02
-5.376906301113166808e-01
6.213812120900865654e-01
-5.841286223814146084e-01
-1.551896434605597730e-01
-5.207226924525483192e-01
-5.551893784193277781e-02
