7.955354025073243065e+02
-2.900683692414029338e+03
-1.833316496230946314e+03
5.758791660340833005e+03
-1.391382861610690043e+03
-8.979596145059083483e+02
-3.283722286618762610e+03
2.579251102660075048e+03
-4.638764256944764384e+03
3.974893409412746678e+03
-3.404321169680992625e+03
6.308627645562001817e+03
9.195883364775681912e+03
8.400717984321943732e+03
2.664594450690120993e+03
-6.351014856486765893e+03
3.022782286501356339e+03
3.371271076233110762e+03
6.779774245947967756e+03
1.887675737500654520e+02
1.587303662640056928e+03
6.406774945476692551e+01
5.061913419142782004e+03
-2.678379369559523639e+03
9.853342993730948365e+03
-4.205956682662600542e+03
5.976866737197585735e+02
4.230996913674419375e+03
1.175102801977231138e+03
8.803874896113817158e+03
-2.452419747815667108e+02
3.738258570439259074e+03
1.238270838899531736e+04
1.683409972615528716e+02
9.834700221617119951e+02
1.138471781964291222e+04
6.694350985242052047e+03
1.940875836320613234e+04
6.915356015079049939e+03
9.553170021931306110e+03
1.168867399005656443e+04
4.740413109039997835e+03
5.212357478711088334e+03
7.308706141637379915e+03
-3.196483535271393521e+03
1.688206208509506041e+02
6.363674452530975941e+03
1.144072429949754041e+04
1.738562138735063172e+03
4.208805950208113245e+03
4.423193333647879626e+03
2.675758468211509353e+03
5.374305614570262151e+03
9.341577109973843108e+03
-4.747672182902315967e+02
1.248062600785382347e+04
6.573466273666146662e+03
-3.982399307311484336e+03
9.017181080330101395e+03
4.961080089546178897e+03
-3.207458522067121066e+03
4.798349104974901820e+03
4.902339268262051519e+03
2.784562294180145273e+03
5.434712788052184806e+03
1.464842773237010806e+04
1.079038106273528456e+03
2.626803572060172883e+03
4.854645771277851964e+03
-4.823141994358698867e+03
2.723632241612389748e+02
-8.113647234723662223e+03
3.524402574235217571e+02
-3.071255474745514221e+03
3.488103257240063613e+03
3.670098829511752683e+03
6.631375278431672086e+03
3.072782253175961955e+02
2.458479038210262843e+03
1.814846668072808825e+03
-2.318204836397882900e+03
7.984635948401939459e+03
-2.637641405915633641e+03
6.601504073428147422e+03
1.728642236052203771e+03
-7.986063347625574806e+02
1.076187851939846951e+03
1.526366047524423720e+03
1.868553202066175700e+01
1.491726786753126589e+03
-2.446686706880049769e+03
-5.688119674627586392e+03
1.344968836771936913e+04
1.270821416844929672e+03
5.156592960877640508e+03
3.357086080635483086e+03
-1.743215350148367122e+02
-2.131313632174708346e+03
-6.838571101889108832e+03
-2.405398227372698329e+03
-2.734622689386138973e+03
2.980834113878526296e+03
9.902671966925190645e+03
1.329488268267644116e+03
1.085984711157067522e+03
3.640961339191281240e+03
6.596332334306578559e+03
5.782651872834477217e+03
7.078810174564959198e+03
1.184302667206167825e+04
2.141480039925093877e+02
-4.692476570218152119e+03
5.798300043848368659e+03
5.412419663623444649e+03
2.761419537918942751e+03
-1.956304173836934524e+03
-2.775684122851326379e+02
1.350424070873401433e+03
3.700960107498934804e+02
5.720807917342141991e+03
1.210735927608175916e+04
8.192931356834891631e+03
5.196761165887129437e+02
1.743249492039800316e+03
8.243340972428253735e+03
4.281050889243248093e+03
5.747312294254879816e+03
2.054248350191024315e+02
3.533580163632608219e+03
1.185130660578149582e+04
7.230133054694224484e+03
1.602201560374379551e+04
-2.665332546854576776e+02
3.567232789697083263e+03
-4.603376543851826682e+03
4.157014140859656095e+02
6.399865112928382587e+03
-7.051855992190450024e+02
2.495428317658047035e+03
4.282656211579474075e+03
3.372364757207843923e+03
6.931569292268321988e+03
1.048119004470044274e+04
2.807322752672716433e+03
9.184401774046882565e+03
2.370356494613892551e+02
-1.782587843146810883e+03
6.375689281447365829e+03
4.843529150007316275e+03
-3.219966693971904078e+03
-7.015749891708925361e+02
-7.790022979517901149e+03
7.787021719453876358e+03
5.780677956645039558e+03
8.844086519056218094e+03
-3.565633051312309362e+03
1.054946788238173940e+04
2.304792940356978761e+03
-5.693418513006519788e+03
1.583979348990415929e+03
9.282017198228182679e+03
2.886637409942670274e+03
4.020052485571623947e+03
4.691481900680584658e+03
3.853152552770493458e+03
5.437680351180530124e+03
4.534416151313810587e+03
1.399018755899777261e+03
-2.859797095862926994e+02
3.531129038506236611e+03
6.126988176982092227e+03
7.352069955649836629e+03
2.038870861208289398e+03
3.977855989068038980e+03
-2.279657469684331943e+02
-1.533020310784186904e+03
2.234184506722610422e+03
4.907803276423793250e+03
7.742587025964390705e+03
5.815281060946502294e+03
-6.598877193160470597e+03
-5.689922468464025087e+02
6.104215046115903533e+03
-2.276651050325438973e+03
-4.305884656515615347e+02
-2.102171021383461991e+01
1.012099714921154919e+04
5.790645925427671500e+03
4.667207349130621878e+03
-1.442467207183199889e+03
1.871320945633892279e+03
3.241359844144860745e+03
2.157192364486950282e+03
3.451649140963248101e+03
8.056846439139930226e+03
-1.401956879370443630e+03
2.570427773988069021e+03
1.053476926283292960e+04
4.655752879063039472e+03
4.968005619176163236e+03
3.215026571223882456e+03
-2.578290075692665141e+03
7.231327160539958641e+02
1.986338138558917763e+03
-1.084244614598288763e+03
1.694874889001214797e+03
-5.185923835942679034e+03
4.804488141271290260e+03
2.640637820984102291e+03
4.835183320272370111e+03
-5.408482949826448021e+03
2.402986301731133153e+03
-8.272816467720705305e+02
8.155840605744723689e+03
2.253066341041339456e+03
2.645259549553242778e+03
2.254578010314475733e+01
9.657061488498393373e+03
2.020863850113124499e+03
5.288272353523293532e+03
2.404764780698199957e+03
6.150182143162532157e+03
3.126237529045960855e+03
4.661330943017701429e+03
-1.145456948318492891e+02
8.385333576072613141e+03
5.243953760001565570e+03
2.222792651119518268e+03
7.821202560897664625e+03
9.378492490611668472e+03
1.122730380454586702e+04
2.954097966068110509e+03
-2.081490341084131046e+02
8.648352696204992753e+03
-3.591206372592596949e+02
9.104324617183279770e+03
2.561587235543946463e+03
-5.285029645326678292e+03
4.005114380588912354e+03
-6.026458158826108956e+03
-2.500816423417807528e+03
-1.579793100331368578e+03
8.780166305098233352e+03
9.082186435464418537e+03
-3.022970316222530073e+03
4.005556544637992374e+03
-1.287780169163723372e+02
1.451959604897514964e+03
5.982398044136173667e+03
-1.038203674338846940e+04
1.092951508918783111e+04
-2.344502562324415521e+03
6.027494856648618224e+02
3.314429985162608318e+03
2.378879063063219746e+03
1.112233068687185551e+03
-5.605617168123716510e+03
1.266161396533241896e+04
1.499738214872157641e+03
8.884739751367424105e+03
-6.257256644744888945e+03
-8.028972132950111700e+02
8.224325667958435588e+03
-2.714865637778065093e+02
-3.022478263055276329e+03
6.368630410230201960e+03
5.076201006749027329e+03
-3.330510949385554795e+03
-3.243148359232972325e+03
3.791035069285923328e+03
7.139134258484981729e+03
1.764660307410915948e+03
7.464688963608006816e+03
1.484145703750078837e+03
-3.895069352907055872e+03
3.567141770963598447e+03
1.375479070969517124e+03
-6.530100572182965379e+02
-1.394104133371232092e+04
3.553639499936105040e+03
6.100096480602861448e+03
3.936104721635986152e+03
8.103935442336923188e+03
8.072217999239547680e+03
8.589901927296097710e+03
2.801112005867665630e+03
-4.028379853752864619e+03
8.600361048989256233e+03
-9.455080491556353763e+02
4.100387984160542146e+03
4.199637898306377792e+03
-2.266115734753818288e+03
1.067811236254972755e+04
-5.025461186191642810e+03
6.019791396320982130e+03
5.366377782777732136e+03
6.459428123824586692e+03
6.146009624613553569e+03
1.846949666811722182e+03
-3.629088725706697005e+03
4.925969429238967678e+03
3.285296674811140747e+02
4.867466454691659237e+03
1.472896752022518740e+04
7.447260356734262132e+03
-9.968290582761824226e+02
6.643921768097044151e+03
-1.375106617236451712e+03
4.352325023859732028e+03
3.687944346179590411e+03
-1.990967131666658361e+03
2.178100676097330506e+03
9.304032773834487671e+03
-4.129747766518363278e+03
3.374330464667320484e+03
-3.343905264733344751e+01
3.565400047988439837e+03
7.308531174917360659e+03
1.073397461901025963e+04
8.906902975920920653e+03
3.865192204736772510e+03
6.522896287086698976e+03
-1.304952038860046559e+04
4.186997384880897698e+03
7.449090977104025114e+03
9.379090545923845639e+02
3.389378957631616686e+03
5.892161990594623603e+03
1.375808711495271837e+03
3.101431055019308133e+03
9.656775237275718609e+03
3.943553675525548442e+03
-4.361257897629349827e+03
-1.655294816278427788e+03
-8.325885503124590059e+02
-4.526590125901686292e+02
5.833206132812064425e+03
6.130638664907056409e+03
4.673100055072563919e+03
3.151414451297713185e+03
1.085926871776000917e+04
3.502607297675004702e+03
-3.411524101140162770e+02
7.298497821842797748e+03
3.502689029090271106e+03
2.206512968013233603e+03
1.033533975586518864e+04
4.586393493099991247e+03
5.364102324566551033e+03
-1.725281356364501335e+03
3.816625121136990401e+03
1.219420472979143415e+04
-1.078640250224364991e+03
6.929361006445349631e+03
-3.359235189626902866e+03
-2.615534222289477839e+03
1.173562124511978982e+04
-3.106090518135854836e+03
2.183794421172688544e+03
8.236616709984238696e+03
5.116808428359810932e+03
1.169262332903810420e+04
4.610591005452074569e+03
2.493616157141658277e+03
9.714308732066461744e+03
-3.571482559854042393e+03
-5.122442207883779702e+03
1.631783296080486934e+03
1.391823054434975529e+04
-3.260631552143452154e+03
7.590873860121865619e+03
2.019372279683929719e+03
1.023544868519222837e+04
-4.394628673991422147e+03
6.942688513105797938e+03
5.488496804411855919e+03
7.253884936221130374e+03
3.553962322305525049e+03
4.162671832706061650e+03
1.051586998516818085e+03
8.884683870062360711e+02
3.364623493963434157e+03
2.721950718448635143e+03
5.622658014197882949e+03
-1.810226203386544512e+03
5.840588913778151436e+03
8.646581622770352624e+03
7.812869861832938113e+03
2.364827448494047985e+03
2.792270728320348553e+03
2.297912618784122060e+03
6.345480554430895609e+03
-2.525143149409553189e+03
2.959176242597524720e+01
1.300140013253781217e+04
1.316644536939698446e+04
1.737137138024499109e+03
6.471139270425809627e+03
1.404198103410151361e+02
6.787468208471539128e+02
1.024195809664176522e+04
1.037401137908304190e+04
-1.120610448637101655e+02
4.135217919725446336e+03
1.382426668153780156e+03
1.124953271145593317e+04
-4.420556974808118866e+03
2.841107070004031812e+03
1.226971935393742024e+04
6.139022538459912539e+03
9.554635124700042070e+03
2.412379368967798143e+02
-4.077485328468641910e+03
1.136855768841267673e+04
4.137252815321056914e+03
1.052001896003015281e+04
-6.128643062131196530e+03
1.639088203856740165e+03
6.317130850517467479e+03
6.396274019878558647e+03
-2.202042539610002223e+03
2.340684187559928432e+03
2.794868768089841069e+03
1.319887456190477451e+03
-5.242843923404644556e+03
5.989201779874315434e+02
-2.021332315634469524e+03
2.017427362308715374e+03
9.148621950941405885e+03
-1.155461768648862517e+03
-2.848078751266338713e+03
-4.626880481999454787e+03
5.980218815177951001e+03
-1.144222688153220042e+04
-3.441744725617616041e+03
-4.779623467669175625e+03
8.211573069860440228e+03
9.604697750031316900e+03
-9.666123244629271767e+02
-5.107329175726377798e+03
4.038672121613452873e+03
1.180580731125867896e+04
3.217300131051473727e+03
1.222805804223978339e+04
5.759879127641522700e+02
6.661518233408038213e+03
2.856606271933666449e+03
2.465675949457490788e+03
2.596283521883425692e+03
4.474764311663109766e+03
1.487367166374832834e+02
1.887919668290831623e+03
1.725586436424634485e+03
1.159198837670529656e+03
-4.460618150725068517e+03
2.157864445423743291e+03
2.596936172618719411e+03
6.211804081512576886e+03
3.593945510675628157e+02
1.339429842881109607e+03
9.815852320565909395e+03
-1.588574760343556818e+03
-3.268672049013203832e+03
-8.178897402162418757e+02
6.348487237185374397e+03
-1.389053445660080115e+03
4.110316121150987783e+03
4.204461753541851976e+03
8.227083514539717726e+03
7.097537697339369515e+03
2.638946182846187639e+03
1.326234886354331866e+04
7.274156679511343100e+03
6.620457172263718348e+03
2.196441572924200955e+03
8.610825150493506044e+02
4.849256611380425056e+03
4.816523022957221656e+03
-4.993104111792575168e+03
-1.982647862812379117e+03
8.338621995420993699e+03
8.958661329606777144e+03
4.235835128846049884e+03
3.215423866889758301e+03
4.572794336161025967e+03
2.660950217667982542e+03
6.233158890474536747e+03
1.104282755497478138e+04
-6.045047465751098571e+03
9.307800942531158626e+02
1.020737969966558740e+04
1.121990983423425945e+02
8.856905418128026213e+03
-4.157555196341017108e+03
6.610861554659467402e+03
1.088244648973891344e+03
5.117420049210274556e+03
1.245948639938354791e+04
4.233349168488053692e+03
1.223068923182684739e+04
2.263728115408931899e+03
1.003802403038863667e+04
-2.028355802243670212e+02
4.224269135485851621e+03
-2.123888671266664460e+03
9.447851972919557738e+03
-2.463389747660797369e+01
9.908114825228934933e+03
-3.382366722517574090e+03
4.359806544948998635e+03
1.470004636190433303e+04
-1.139639382561018101e+04
4.709141310217962200e+03
3.367094632644701505e+03
-4.732155112929807729e+03
-8.695572600045990839e+03
8.244159137983671826e+03
7.001028370388639814e+03
6.185294519372899231e+03
3.392858173613125473e+03
8.991962919525843972e+03
6.195125777888013090e+02
6.766302857508198031e+03
4.502860218801052724e+03
2.145054028049223689e+03
1.120508029109461677e+04
-7.832824284443784563e+03
-5.437321393519277080e+03
4.782708368325976153e+03
-4.347406773969121787e+03
-4.113756242914844734e+03
9.040966423367132165e+02
-6.935753411854095248e+03
-2.642816281982375585e+03
-9.100023552892838552e+02
3.394712666027876821e+03
3.726646564353096892e+03
1.067907603068722892e+04
9.313186887606732853e+03
2.424008468398606055e+03
-5.767178525107950009e+03
6.694138162941369046e+03
7.197311835534575266e+02
9.651552202294395101e+03
2.482994045151902185e+02
8.778019775478371230e+03
-5.178338412702180904e+03
-1.112858539531469978e+04
3.980572384422545724e+02
-4.660805847899279115e+02
9.505766631420800650e+02
-3.874371428070244292e+03
5.621236720321338908e+03
7.065086573848286662e+02
-3.363908555158549461e+03
1.249204918757531232e+04
1.718528267434476447e+03
9.800167995227740903e+03
3.512576017371407943e+03
2.387965714864298207e+03
-4.411154234757566883e+03
7.087722850133374777e+03
1.098993830368156523e+04
1.080656707408963666e+04
7.297241888680455304e+02
1.023037484487691472e+04
6.399106769713338508e+03
-8.081161952282412813e+02
2.015340926474181742e+03
2.370289577714100233e+03
6.889778510349796079e+02
-3.444748787461254324e+03
8.299964348933690417e+03
-3.979317970512718148e+03
5.812141503154902239e+03
6.972816900733223520e+03
5.777604028305764814e+02
2.847001596695700755e+03
3.493932914268015793e+03
7.165778209122772751e+03
9.497542958070951499e+03
-2.105266872815323325e+02
-4.004015583302287240e+00
1.820743719210808194e+03
3.525897756698071589e+03
-6.440442409866216622e+03
6.677578204054904745e+03
6.259718031267279912e+03
-2.298125542419539670e+03
2.200415472564300217e+03
-2.355688911389887380e+03
-7.977552576649662115e+03
-8.554949976772397804e+02
3.955396524395920096e+03
3.655771049340739864e+03
1.681508072244857658e+03
1.136204261056059113e+04
5.870310266439581937e+03
-4.835542672561680774e+03
7.503757481647781788e+03
2.196300847435524702e+03
5.080860136173650062e+03
-7.872181971558168698e+03
-1.007961656099833021e+03
6.134627314704628589e+03
4.324079796201061072e+03
5.128558738797035403e+03
5.668953898744572143e+03
5.513214848745460586e+03
9.845523446903653166e+03
1.476172704590762351e+03
6.629025539263688188e+03
4.296586930737751572e+03
-1.199785852987269664e+03
-1.884435534230981375e+03
8.976732690725215434e+03
-3.415953501125794446e+03
5.175760736526931396e+03
-1.843073640482712108e+03
6.136742304019861876e+03
6.272559562174305029e+03
4.226635162976964239e+03
6.154869257037562420e+03
-2.741179663176068971e+03
4.384033032074043149e+03
1.558960607052206797e+03
1.200312284073803858e+04
1.777369511268248630e+02
9.540554181650182727e+03
1.456019467641995789e+03
2.819095910259017614e+02
6.130540426968600514e+03
1.197540243952733181e+04
1.154193937896610805e+03
1.749063449425572571e+03
6.180982245060201876e+02
-8.372097228123795958e+02
4.724267300095149039e+03
6.928496014738711892e+03
4.567782013345358791e+03
5.803625977451944891e+03
-8.673479089609823859e+03
2.327194952257705609e+03
8.521098626926573161e+02
8.480261284968086329e+03
1.364781158929665480e+03
1.184006462922150786e+04
7.413103721818898521e+03
1.453069669156723648e+03
5.839391144092644936e+03
1.133604262484393303e+03
8.218436350480540568e+03
3.244493143595005677e+03
-1.751538963706751247e+03
1.430817526816499230e+04
5.162963061618205757e+03
1.208204115274782453e+04
3.457130587187652964e+03
2.674681023653144166e+03
-1.678456581758222683e+03
-3.947716277499509943e+03
-1.109216740071441109e+03
7.438388685347881619e+03
5.152464013027030887e+03
1.621875524980265618e+04
1.224410764805242479e+03
-7.541143089509183483e+03
2.252571605095221003e+03
4.869207287960042777e+03
1.178595319598000424e+04
-6.470875856858521729e+03
2.977028630032124966e+03
5.395072402618015985e+03
-2.563278257385355118e+03
3.531876604916846190e+03
2.283050225973422130e+03
7.924362384146035765e+03
3.270765856508289289e+03
7.165870383696364115e+03
1.335940182816785409e+03
6.489486049563185588e+03
9.181891030012089686e+03
5.582400332580629765e+03
-6.854622906704336856e+03
-3.918044895458877818e+03
6.147242944493115829e+03
7.202750063692321419e+03
6.237511107876522146e+03
3.236834790107075150e+03
9.924237029022009438e+01
-2.384917310622424338e+03
-7.429108139155798199e+03
-4.647459173794686649e+03
5.578448237508195234e+03
6.810836821368202720e+01
2.863230001378503403e+03
-2.993927059779834963e+03
4.578775561205002305e+03
1.311394182145097034e+02
4.563580934627065290e+03
1.215562579009618639e+04
7.557369623588347167e+03
7.072197557309719741e+03
1.210621091401713784e+03
4.583474994660074117e+03
-1.439369672898710860e+03
6.637187322470052777e+02
9.607655299441899842e+03
5.145148920396212588e+02
4.501241993517402989e+03
2.975857302922789131e+03
-5.815905775994780015e+03
-3.030033038813857274e+03
4.659241541637083174e+03
1.597575943854807701e+04
2.795293847635824477e+03
4.909556683256876568e+03
4.596387366310047469e+02
4.356324951240191695e+03
5.887644145656919136e+03
1.227311081732336243e+04
1.710149476973741685e+03
-4.589205522001322606e+03
3.042519179954627816e+03
-1.289310333982288967e+03
-6.562289672638576121e+03
4.035877161578956475e+03
1.924781662763593340e+04
1.142787957373912150e+03
7.680248058795233192e+03
9.550889961799732646e+02
4.446843938304298717e+03
-4.425694394799996189e+03
9.820395014888152218e+03
6.977223922687822778e+03
-2.321819559056387305e+01
4.031632790387466684e+03
7.810631382880156707e+03
-2.628280638217241858e+02
1.080976806002818012e+04
-8.797920194485442380e+01
-9.248366160803527237e+03
5.234948905018749429e+03
-3.933828042766898307e+03
5.970420918485321636e+03
1.205712051094216076e+04
3.891647304532677936e+03
-4.935048616176976793e+03
5.117231061690964452e+03
6.091587506700789163e+03
3.294146049406051134e+03
2.323024093788136270e+03
1.480081128166835697e+03
9.303396476318197529e+03
8.204687083294456897e+03
1.353501751732844605e+04
3.812816539239438953e+03
9.962610108960905109e+02
1.285255131903556685e+04
-5.463980824598469553e+03
1.055806957836078982e+04
5.744498137486151791e+03
-1.570899887827329621e+03
-3.664899040416019034e+03
3.983733729064605996e+03
5.422160930230955273e+03
-5.473005525614429644e+03
2.281871745191650461e+03
2.192997487986820033e+03
6.383352994621224752e+03
-1.045279992318230825e+03
5.418317496372109417e+03
4.032587024279237085e+03
9.370238425319007547e+02
1.597124168426388451e+03
3.428925346586778460e+02
-1.071878590995921741e+03
-4.468450665361154279e+03
5.399016149607899933e+03
4.347100108415662362e+03
-2.738844385507844891e+03
3.588123702807393329e+03
6.541895911177331072e+03
4.461549056220802072e+02
1.630035484779672151e+04
6.492537618978158207e+03
7.235768147857170334e+03
3.989144793552102328e+03
-1.714739342138446318e+03
-3.558587138606229018e+03
8.456200520927533262e+02
4.439891135854481035e+03
1.937659991162312735e+03
6.572787257486707858e+03
2.917844863319345677e+03
8.781219165592141508e+03
5.039749438030750639e+01
-6.253980199329119387e+03
-3.401115621072896829e+03
1.662713634009558518e+04
1.187173562843030777e+04
1.172669547552032100e+03
2.235189907962057532e+03
1.401793039649112325e+04
3.887477968926924405e+03
4.553700128605280042e+03
4.254870790819170907e+03
8.369163442434533863e+03
-4.877538724989065486e+03
-8.463494679943309166e+03
1.085818789099522110e+04
2.275478815160570775e+03
4.869620530281711581e+03
-5.074069650823212214e+03
1.367415500451372054e+03
5.749780095085510766e+03
4.976277622452503238e+03
-4.451020908328911901e+03
1.137330770917808650e+03
8.103706304887125043e+03
2.334263107267419400e+03
3.258658624880843490e+03
7.260203358471255342e+03
5.402859225242284083e+03
1.542029486716200154e+04
7.267246611090458828e+03
4.580344733601651569e+03
-6.852219287393226068e+02
6.910366504597507628e+03
1.933635778832617007e+03
-3.907050073667604693e+02
-2.236451530848118637e+03
-2.277877825104242675e+03
3.751180958208750781e+03
6.407987198523054758e+03
-5.179325464720542186e+03
4.102025551917690791e+03
6.046547176877253150e+03
-9.450691705445553453e+03
-8.603326025560761991e+03
2.669033557330427811e+03
1.029578227614727075e+04
4.886105711897620495e+03
4.983759133727943663e+03
4.213428291654697205e+03
8.069345300364447212e+03
3.915694006975550110e+03
5.105807113870499165e+02
5.003591993490844288e+03
7.010006310583279628e+03
2.553287331720806833e+03
4.212919742025658707e+03
3.707185739408318113e+03
3.615188374377386936e+03
6.106298866459167584e+03
6.071960942600496310e+03
1.052702251288642765e+04
-6.823986958950340522e+02
1.319643590484889728e+03
-1.517730576016019995e+03
-4.583782665877438376e+03
4.964374119849944691e+03
5.235074865735315143e+03
-9.715412582442531857e+02
8.764869930480390394e+03
2.171969890058240708e+03
5.840533481653957097e+03
4.333463619655730326e+03
-2.867529312238004309e+02
5.122806702599067648e+03
-6.114276184002644186e+03
-1.880592096285798561e+03
5.655668057149233391e+03
6.646386286902115899e+03
6.075087722210518223e+03
-7.726211636087691659e+02
-6.008465520746367474e+02
-4.899166751609655535e+02
5.847433892023060253e+03
-3.515655280471009974e+03
-2.970431786889468640e+03
1.152490306051824700e+04
5.708964852024765605e+03
4.030492486966688830e+03
2.579726125352645795e+03
8.389148001619865681e+03
1.679324935184838614e+04
1.109806258253186388e+04
1.140853610044851848e+04
5.618022966198363065e+03
9.417589005819705562e+03
1.175285741538557158e+04
4.984154053446141006e+03
7.860653804019570998e+02
2.684138108037006418e+02
-1.038968925236974883e+03
3.529665993794787937e+03
9.717594516744411521e+02
4.035388801406947550e+03
1.078158020825755557e+03
9.033994779273491076e+03
2.861113610853187311e+03
8.114706104558998959e+03
5.931166584066110772e+03
2.207509618003789910e+03
6.841541723170981641e+03
9.237868513355040704e+03
3.642892742233926128e+03
9.969870114795425252e+03
-6.174931882458791961e+02
-2.959888634607074778e+02
2.567148989674674795e+03
6.933413474084156405e+03
1.318293735340673447e+04
2.611577674002401636e+03
4.741454047899675970e+03
8.455551880488894312e+03
4.117793604884544038e+03
1.456592238783460061e+03
7.897561892422655546e+03
4.982041605416701714e+03
1.054435572641828730e+04
5.461909392324901091e+03
2.308552036812570350e+03
-8.738007420698964779e+03
1.124162373021163603e+03
1.319929956076847475e+03
-4.760461090647650963e+03
-7.069686612184828846e+03
4.159268614532137690e+03
1.467375375830941380e+02
3.046586895311400895e+03
-4.838564036719434824e+01
5.261097168233743105e+03
4.093509933964553511e+03
-3.530875285173644443e+03
2.989399203899837175e+03
-1.518419024213362263e+03
2.830109451760527463e+03
1.365508589744010169e+04
-2.096910402649613388e+03
6.122440152782080077e+03
-1.449856057530904536e+03
-1.504524075221552494e+03
5.486372290203337798e+03
3.393356669369875817e+03
8.355678898458223557e+03
-2.523888480789745245e+03
1.517587394320825979e+03
2.617779993312983152e+03
5.990020010790900415e+03
-1.027325444478268219e+04
4.012603343257317192e+03
-6.273313293603615421e+03
8.470949130331728156e+03
-9.677125396588788135e+03
4.547673080590465361e+03
8.958241060442525850e+03
6.637508083849522336e+03
1.031018602451023980e+03
1.091596405622218526e+03
-9.849277731156193738e+01
7.183602335797226260e+03
7.051729495247242994e+03
6.876823932306897404e+03
-2.349601165057990784e+02
8.938433044251460160e+03
4.746479846383867880e+03
2.088761942294258844e+01
3.679507279487159849e+03
1.064307718937781283e+04
8.147573167893026948e+03
7.007712145072721796e+03
-1.373709116736499709e+02
-6.390610380420796901e+03
3.282163627704311239e+03
8.641810622650120422e+03
9.298676352654883885e+03
1.004182079356656504e+04
7.387710557811235958e+03
1.963121078548148716e+03
1.201482110559196371e+04
1.476864015807458964e+04
-3.059005691117096376e+03
3.079595401550106544e+03
-3.544706860901079381e+03
1.452192888544225389e+04
1.129230928988282722e+04
7.748259813376880629e+03
6.538668176550791031e+03
5.519936901448259050e+03
6.250460047732912017e+02
1.438585368420015584e+04
1.470737215323752935e+03
1.044622019943764644e+04
6.303099264673984180e+03
1.055577587909708927e+04
6.708096533546894307e+02
4.422106357584962097e+03
9.732888158124464098e+03
-2.122202400030102581e+03
-1.024828210715253590e+04
4.585991542236252485e+02
8.782790261551113872e+03
5.160628924187940356e+03
6.000080948703568538e+03
2.331417830795883219e+03
2.165313935909695829e+03
3.467197965440258940e+03
-6.411163152320874360e+03
3.660025707455671181e+03
2.696962290533341729e+03
3.795076872863559856e+03
6.356978466805293237e+01
4.292654780306622342e+03
9.136501611393301573e+03
3.634962303535941828e+03
4.254235724072577796e+03
8.079767984850136600e+02
2.384349969024158327e+03
-6.794132383637021348e+02
4.245540109755599588e+03
3.299011922336095267e+03
1.022395757615781076e+04
5.942492474431705318e+01
6.609079519165446072e+03
1.028055247227825384e+04
9.487323331302033694e+03
-2.675143375591664608e+03
9.572586591863746435e+03
5.938751992064590922e+03
-1.420766490486796272e+02
8.103271314091739441e+03
-1.978995436885525351e+03
-1.823250614023469780e+03
5.657138073766560410e+03
-3.419433980327494282e+03
7.451242380335310372e+03
9.340033165276912769e+03
2.695787364292749317e+03
-1.488411679443859370e+01
-5.255476514481314553e+03
6.485070881125075175e+02
3.041288170390019332e+03
-3.208954067615018175e+03
1.718434672058525393e+03
9.063840440343916271e+03
-6.430765848713391506e+02
4.968318518300497090e+03
2.069404742160430033e+03
