-1.026333110815055261e+04
-7.524028617522100831e+03
-3.785534482177240534e+03
-1.967195302067073271e+03
1.137752565825544025e+03
-1.003858021297506093e+04
-7.117690073127338110e+03
-2.452223224452004615e+03
-6.803585337371503556e+03
-5.633141663872362187e+03
-3.561188650419765054e+03
-5.645050344832093288e+03
-9.889923603021197778e+02
-4.567994040480083640e+03
2.684488715943497937e+03
-1.107203534930069327e+04
-3.180015838571971017e+03
-2.533279725815857546e+02
-1.399539516044252196e+03
-5.560480018429713709e+03
-6.656711718721141551e+03
-5.099093877953124320e+03
-1.130889458384105410e+03
-5.026445942674502476e+03
4.247231229179745242e+03
-3.447085071419480300e+03
-6.199323797306631604e+03
-2.223846867144038242e+03
-8.127544017103291480e+03
-1.122912457158302823e+04
1.151712296080429269e+03
-1.054176823862820584e+03
-2.171937148048369181e+03
-1.868497283370384139e+03
-9.161270613771133867e+03
-9.020540161282309782e+03
-1.378132854451155436e+04
-4.424882934638781080e+03
-6.115561983915973542e+03
-3.986158693367626711e+03
-8.887583955459595018e+03
-3.453560455020759946e+03
1.169579398989255878e+02
-1.597340357402513655e+04
-2.523505798213364869e+03
3.101382047604507761e+02
-1.969028177049264741e+03
-1.077067136093780573e+04
1.739739070295362353e+03
-8.776184565953464698e+03
-2.257648126287955165e+03
-1.187993094059992472e+04
5.625361789990830403e+03
-9.433946760115854886e+02
4.539068910191735085e+03
-5.350891864624240043e+03
6.152811796615210369e+02
-9.628980600483750095e+03
-9.653402196348000871e+03
-1.068556317285332989e+04
-8.205564943643526931e+03
4.662899151466573130e+03
3.860238616986472152e+03
-5.413207770326222089e+03
-3.053688282478896781e+03
-5.532676939048566055e+03
9.840926547593351188e+02
5.548088237700389982e+02
-6.540616905733867497e+03
-1.191275382193615769e+04
-1.532373740476433795e+03
-3.138296531570844309e+03
-2.617163658092152218e+03
-1.412647094957588934e+02
2.545762655310228183e+03
-8.966746955523483848e+03
7.923550905145149272e+02
-8.269714524258542951e+03
-3.364266974394108729e+03
-1.519097368217324220e+04
3.521881560179953340e+03
1.191950736188375231e+03
9.121888721917085832e+02
-4.540114296508587358e+03
-3.367689131472136523e+03
-6.775966705389530944e+03
-2.446360273249030797e+03
1.435466350056757619e+03
-2.772883106430007956e+03
-1.390866759299584601e+03
-1.322848048862970245e+04
-4.213526461073374776e+03
-2.940848033364581170e+03
-7.107245369262637723e+03
-5.393610229693773363e+03
-4.054759853782803702e+02
-6.090494742805296482e+03
-1.560449300873524635e+03
-9.015789820643471103e+03
-1.294253428267724848e+04
-5.359831814673691042e+03
-3.503790333584863220e+03
-1.294202825658703114e+04
-5.573401514321651121e+03
-4.078511743147140351e+03
-6.697064429447144903e+03
-3.018299621101016783e+03
-5.867772458887809535e+02
5.149461786894592478e+03
-6.532428018339132905e+03
-7.558187439292089039e+03
-1.454897907054242523e+03
-2.879643606181549785e+03
-5.242080448374814523e+02
-3.340586182922480930e+03
1.245879125328583683e+02
-6.690258644183035358e+03
-7.353478159393897840e+03
-6.300729288694778006e+03
-7.193777470556864500e+03
-7.278680981109534514e+03
-9.831365436371876058e+03
4.509306648890889164e+02
-1.203494175728015762e+04
-7.853034051302738590e+03
-1.176606626257430071e+04
-3.529301993144206335e+03
-2.328370065450944367e+03
-1.173471846696012835e+04
-7.245652075438375505e+03
-3.021630617350268949e+03
-3.605311510226054907e+03
-2.122533724422436080e+03
-2.017090478215463236e+03
-4.356696412236466358e+02
-4.405704113868011518e+03
-3.825731706529267740e+03
-4.985557568032955714e+03
2.226599477752014991e+03
-4.964574402983829714e+03
-4.676740327952737061e+03
-5.421697138361271755e+03
-4.877703896736857132e+03
-1.433962482934962100e+04
-6.780607335386127488e+03
-1.012842630724396076e+04
-4.584825951472587803e+03
-5.199346558745177390e+03
3.274837222946342763e+02
-7.085615661581494351e+03
-6.055763569055213338e+03
4.918449107506226028e+02
-9.853223203107461813e+03
-5.198121868248467763e+03
-6.365329886368141160e+03
-3.854403114970188199e+03
-5.218578956359757285e+03
1.853415678995959524e+03
5.380312448319220493e+03
-2.119387417416421329e+02
-1.044862171900749490e+04
-3.363273594982325449e+03
-3.049132930919063256e+03
-6.560431377414561211e+03
-8.663493922170062433e+03
-9.660319940890212820e+03
-5.216574490255064120e+03
-4.832594662099137167e+03
-3.333081230439331648e+03
5.164280804644654381e+02
-7.189120349089609590e+03
-8.473882088494125128e+03
-9.486116534616956415e+03
-3.228709758380857693e+03
-5.562559505971791623e+03
-5.220339493558089089e+03
-1.788524188625729721e+03
-8.213824830348046817e+03
-3.965020836484741722e+03
-1.184597712788976969e+04
-3.225400811122151026e+03
-1.066072115462946385e+04
-8.524418570057208854e+03
1.593803624004323183e+03
8.356664529503117933e+01
7.139632672311935266e+02
-3.870811332741887782e+03
-5.361653707977832710e+03
-6.191918080274385829e+03
-6.852850422135043118e+03
-1.065459017174345900e+04
3.075606782497026416e+03
-7.658222283604437507e+03
-9.671865587683871127e+03
-1.675410293770469070e+04
-3.918808122822539190e+03
-4.529865628430337892e+03
6.141654598749416436e+03
-7.686300754047013470e+03
-3.872589493254851277e+03
-3.003577869428608665e+03
-9.859715706133232743e+03
-8.933196711795751980e+03
-2.153316149530895018e+03
-4.510316270566368075e+03
-8.661136306398637316e+03
-1.675983392868341753e+03
6.310439023832055909e+02
4.985083899286549922e+02
8.446251325557525433e+02
-3.782821773229719383e+03
-5.615820164562184800e+03
-2.249267944191928564e+03
-7.844907668395494511e+03
-3.313392325844258266e+03
3.891253782792318248e+02
-6.221935147839458295e+03
-8.989479730363189447e+03
-3.922637189994409709e+03
-8.604585263205950469e+03
-1.708695166370459447e+03
-5.635756898427955093e+03
5.832904337365860101e+02
-8.479047518109143766e+02
-4.542410843939012921e+03
-4.706121959374965627e+03
-5.077466191834101664e+03
-1.757627591886498294e+03
-1.560218473266416549e+04
-1.892846202157835023e+03
-5.427693953573771978e+03
-7.854144850006731758e+03
-1.821090310587332510e+02
-8.091097047206721072e+03
-2.300235184194296835e+03
-1.268703820903739370e+03
-7.765325293369737665e+03
-1.189898320600486386e+03
-2.079784564655422855e+03
-8.843169273297617110e+03
-7.847063129316507911e+03
-2.336578654956512935e+02
-3.430617306944951110e+02
3.983524111606740007e+03
-5.234539347796050606e+03
-2.738048343445263527e+03
-1.116075719908505926e+04
-7.201848050386008254e+03
-4.059448355282850571e+03
2.312244398570568592e+03
-6.885538324764440404e+03
7.691520898870599922e+03
-6.120530465555762930e+03
1.526576856616456325e+03
-4.537885442448986396e+03
-4.361398807364201275e+03
-1.438978905559203668e+03
3.481521617821792461e+03
-2.879102212331440114e+03
1.991791670205033711e+02
-3.347202915566856973e+03
9.792026769272110869e+02
-2.098416088155055149e+03
-7.387422538863887894e+03
-1.101675070777981273e+04
-8.136669728320614922e+03
4.721714023332731813e+03
-8.779196481825034425e+03
-3.810199171917885451e+03
-8.668027819102293506e+03
-1.263376709924339707e+02
-9.113701821211476272e+03
-1.005292782601148610e+04
-2.571816708378139538e+03
-3.734699438764458137e+03
-5.488939064813610457e+03
3.562428021684149826e+02
-1.020777822352563089e+04
-2.609753858805582695e+03
2.991670878893341978e+03
1.595101577425808955e+03
-3.374099686589872817e+03
-5.235187142832955033e+03
-4.966613661456468435e+03
7.985216441894793206e+03
-5.657798959168770807e+02
-6.804419681049583232e+03
4.654648776025210282e+02
-1.311240308054279740e+04
-1.335804651129971717e+03
-1.781536958025556260e+03
-3.757764557437850272e+03
-2.503085593093263014e+03
-7.835789929053381456e+03
-4.177157796734085423e+03
-1.031290450574773604e+04
-5.493332205301588829e+02
-3.368430962243529848e+03
-6.894495592696538552e+03
-7.192344222078864959e+02
-3.069549923065553230e+03
-4.057981484292561163e+02
2.701212087761155999e+03
3.274811890855045959e+01
-7.079477833945035172e+02
2.889605781218875222e+02
-1.200643343367650778e+04
-1.160023010681784399e+03
-9.561579616398626968e+03
3.297451350724747385e+02
-8.698053689800251959e+03
-5.752578733936458775e+03
2.869605035681297522e+02
-9.219215265741888288e+03
-7.900394443469514954e+03
-6.593652816463072668e+03
-1.602198042446793352e+03
-2.807857594789802079e+03
-3.158410007666036108e+03
-1.440056491104745510e+04
2.248829847157321183e+03
-7.616793880959073249e+03
-5.641828007576204982e+03
-5.234045970264880452e+03
-9.669361779251272310e+03
-6.916127292134275194e+03
-1.705544507791504884e+03
-2.716265072184642577e+03
-5.091651854920572987e+03
-8.089924568224805626e+03
-2.284293982844633319e+03
-3.457880614523672648e+03
-5.827046241389666648e+03
-9.862391154648057636e+03
-9.456191407708305633e+03
-8.897143366420224993e+03
2.319995156490194404e+03
-1.085963098908128632e+04
-9.039323023909139465e+02
-1.378160388849210904e+03
-1.751603652364911113e+03
-3.012521029303752584e+03
-8.201517340375916319e+03
2.299115250044773802e+03
-5.363181172424297984e+03
-1.517375299629574783e+03
-5.710184036332311734e+03
-9.664096182692781440e+03
-3.245564049240064378e+03
-3.704074490155427156e+03
-7.431979487284760580e+03
4.458593142178086737e+02
2.052762535516587377e+03
4.789573627901120858e+02
-6.055735145672460021e+03
-3.747877976031741127e+03
-4.379426427742964734e+03
-4.441012667719513047e+03
-6.969898075413227161e+03
-2.870355613167917909e+03
-9.772083055649967719e+03
-1.310918704624331986e+04
-1.014242201921753804e+03
-6.035693447316855782e+03
-5.535733461094415361e+03
-4.106342868328451914e+03
-4.600098929464321373e+03
-5.720687183668201214e+03
-4.450342556928487284e+03
2.185285217448086314e+03
-8.997236017757115405e+03
-2.894710113717370859e+03
-7.248989009509179596e+03
-5.444287723493043814e+03
-2.293260274924617988e+03
8.164540997115698701e+03
-9.174998278422319345e+03
-1.200161431024258127e+04
-4.244420911982762846e+03
-3.035549496573082251e+03
-1.566872918282126193e+03
-8.691888814248944982e+03
-2.994932505186676508e+02
-2.579900796459093272e+03
-6.951570488444258444e+03
-7.252779798066550939e+03
-6.467704153463636430e+03
-1.464652094156233716e+03
-5.581941141816641903e+03
-2.710790725774304519e+03
-1.820943056089193988e+03
1.130125199546727117e+02
-2.957680972725657739e+03
1.251523934779936781e+03
2.445930505852173155e+03
-9.282041153043977829e+03
-7.530623280361447769e+02
-1.837705804900087287e+03
3.940098075596279159e+01
-7.259682198380588488e+03
-5.250740102149270569e+03
-5.247737403064920727e+02
1.773722863174695249e+03
-7.439951496553908328e+03
-2.900611409328530044e+03
-1.172661680573534613e+04
-9.531877442279504976e+03
-4.842902479641647005e+03
-6.610834759012167524e+03
-7.546758964657958131e+03
-6.813136152459744153e+03
-1.337747409203508323e+04
-6.031744127325112458e+03
-8.837798330369223549e+02
-2.045260207843530907e+03
-2.980732585370302331e+03
1.292727564632273015e+03
-3.987208208802678655e+03
-5.826872089346625216e+03
-3.536045546019075573e+03
-1.083620337262382964e+04
-9.994815991537590889e+03
-9.362306857964674691e+02
-5.094764356959746010e+01
-1.504865418177582615e+04
-7.214001171108707240e+02
-1.249704122126286165e+04
-3.194654559421168415e+03
-6.077202854612618466e+03
-9.291575939841328363e+03
-4.437125969159055785e+03
-6.643632283855966307e+03
-3.822047313304386535e+03
2.400817937069826257e+03
-6.850925261822940229e+03
-1.825585755239407888e+02
-7.660258478054358420e+03
-8.605224044152309943e+03
-5.359306724529575149e+03
-4.143593608156560549e+03
1.658589718394319789e+03
-2.926768784713156037e+03
-3.266541727178154360e+03
-1.271228555734465408e+04
-3.073856390562545130e+03
-9.732403522807629997e+03
-2.689747406008205417e+03
-8.411946065592508603e+03
-7.080117244648901760e+03
-9.863269502923878917e+02
-1.070631195156931244e+04
-2.773996578960605802e+03
-2.810102217589374050e+03
-4.467670933531696392e+03
-5.920478183499291845e+03
-1.206312498243312803e+04
-4.510235154404796958e+03
-3.412985364706035398e+03
-2.207285191253874473e+03
-8.065639198611454049e+03
5.173221343104539301e+03
-1.027506588064001153e+04
-8.820880498461092429e+03
-6.491654359446213675e+03
5.665398047230211205e+02
-8.354196773807992940e+03
-3.958865047587026993e+02
-1.733150920792919715e+04
-7.854140462595301869e+03
-5.939338273246284189e+03
-9.459238384290189060e+03
-7.725786046037496817e+03
-6.486173297244476998e+03
8.645681833010148143e-01
-2.988873691765737021e+03
-3.955896642304614943e+03
-3.385464681479952560e+03
1.254937695250270508e+03
-3.564002893069944548e+03
-6.663306914543549283e+03
-6.316343720806326019e+03
-4.816750354750551196e+03
-1.131706994701877738e+04
-5.195682344789649505e+03
8.864929818660822320e+02
-4.658468172170491016e+03
-8.355608176308758630e+03
-4.615521830918627529e+03
-2.154787875960263136e+03
5.357996693025643253e+03
-7.804822548678054773e+03
-6.066233179960468078e+03
-7.059566736963926814e+03
2.086824482259350134e+03
-2.298584301795291140e+03
-9.755750806628295322e+03
-7.189521217334773610e+03
-6.901948302600164425e+03
5.082360346762287008e+03
8.878435453449174020e+02
-2.730311390718306939e+03
-1.418075760097866805e+03
-8.608738044870950034e+03
9.709089563926235087e+02
-7.227764459871615145e+03
-5.009686371839066851e+03
1.125007745286231255e+02
-4.812985905211311547e+03
-1.202319265908359739e+03
-7.026285097250626677e+03
-8.603306988398409885e+03
-4.643004308406949349e+03
-9.658020120080282140e+03
1.581989778119659377e+03
-6.554668653299401740e+03
-3.516908102196727214e+03
-7.535499137763533327e+03
3.951333917388574719e+03
-6.963456508588003089e+03
7.777500920100457051e+02
2.209637564569761253e+03
-7.762436150295476182e+03
-2.416312773280316378e+03
-1.046298539604947655e+04
-1.209085170270277104e+03
-9.291732587194976077e+03
-5.147057509059088261e+03
-5.067947133463149839e+03
-1.480770118353587122e+03
-9.287525625312231568e+03
-4.810166438739933255e+03
-4.801718201774978297e+03
-6.757874424709323648e+03
4.231551285889771862e+03
-2.013003927671322799e+03
-6.652975667328157215e+03
-3.173682416654510234e+03
-1.151731817275235881e+04
-5.969107511256611360e+03
-2.928897383872802493e+03
-6.092432235257741013e+03
-3.828384035570887590e+03
-1.234286353704670910e+04
-2.563198319249382280e+02
-9.171163588721607084e+03
-1.043767362821436654e+04
8.588752529494699957e+02
-2.657117755596487768e+03
-4.845136215484460990e+03
-7.576434833443757270e+03
-9.901616276523040142e+03
6.586666576293354183e+02
8.971643220482305878e+02
-6.388621872101197368e+03
-2.322857689286644472e+03
5.920860644262655114e+03
-2.288548972124247882e+01
-8.428359320967940221e+03
-8.991266911697231990e+03
-6.147579048885559132e+03
-2.657374957577137138e+03
-7.011688140868701339e+03
-2.135155804521832579e+03
-4.134414945312933014e+03
-6.716341434402979758e+03
-5.948774606271799712e+02
-7.686284528760341345e+03
-8.255950553578424660e+03
-1.793326988291763882e+03
-5.682306134331794965e+03
2.982664282246827497e+03
-2.989993205735307583e+03
-8.237566564390248459e+03
-2.708387241989288214e+03
-6.562810999167473710e+03
-6.907229548756114355e+02
-5.865526294242180484e+03
-5.208835535612191961e+03
-2.954673070475107011e+02
-5.071729985874803788e+03
-3.113511637026526842e+03
-1.327322951389762056e+04
3.428707581019239569e+03
2.891633638454317861e+03
-3.673264738608142125e+03
-6.274879321833290305e+03
-1.116973602497668617e+04
-1.851051894032002565e+03
4.135032128088830063e+02
-7.406334404237391936e+03
-6.713857441839169951e+03
-1.856450652519060895e+03
-7.217526908907785582e+03
-1.740184000873465948e+03
-7.813604418710087884e+03
-1.625299873555547265e+03
-4.309898528604084277e+03
-1.381940352213724327e+04
1.621343106174786499e+03
-2.918228425749640337e+03
-6.649820390402047451e+03
1.997762602936812755e+02
-1.743958809967763045e+03
-1.272142083454242129e+04
-2.373874748084292150e+03
-2.632304579755820669e+03
-8.815036120204789540e+02
2.811151562068459043e+03
-8.079509881218532428e+03
1.005393106608778794e+03
-1.851996196982644960e+03
3.017306162373443385e+03
-9.035523572722786412e+03
5.050999484438829313e+03
-1.359579654821273834e+04
-7.961322822460148018e+03
1.046242164545081550e+03
-2.991829663894436180e+03
-8.874197919196019939e+03
-1.442500603383012049e+03
2.915273786245618794e+03
1.059126771564237515e+03
-7.454332676577658276e+03
-2.729506172934542974e+03
-5.951980418204400848e+03
-3.670208835353122140e+03
-4.665016466333107928e+03
-7.737921596008128290e+03
4.114105220676077579e+02
-7.170143049535177852e+03
-4.540119381492357206e+03
-1.409930352342021979e+04
1.036329749406361543e+03
-8.267324363980955241e+03
-8.378460184003510221e+03
-1.033301342973433748e+04
-6.369552660995205770e+03
-5.149575322810118450e+03
-7.815481928526194679e+03
-2.385378668841291073e+03
-1.282844640623902251e+03
5.761554278206718891e+02
-5.237004601350235134e+03
-6.340955686078856161e+03
-8.838603936366342168e+03
-1.940232923454087995e+03
-1.019715473241066320e+04
-5.760686907070306006e+03
-1.293336324694468567e+04
-9.858875808423033959e+03
-9.803965603892509534e+03
-9.886533769290711007e+02
-6.450904668864369341e+03
-6.665958551118692412e+03
-9.528982984672335078e+03
-5.904030564029097150e+03
-5.102828549255460530e+03
-7.971386270022141616e+03
-7.983440742514070735e+03
-4.776494622567518491e+03
-9.348778875304229587e+03
-2.126134047067107986e+03
-3.166023423284987075e+03
-3.708240278971656608e+03
-6.684166262870717219e+03
-9.755904914202226792e+03
8.245934315966573195e+03
-6.367224202874019284e+03
-2.247820678035272522e+03
5.748614877221286406e+03
-5.972943746855252357e+03
-2.354069991782390616e+02
-4.998039865253751486e+03
-6.839324920367917002e+03
2.319207195640306509e+03
-4.756247558736846258e+03
-1.769717606286198816e+03
-1.180107941286891219e+04
6.380708027165264866e+03
-8.528957576793505723e+03
-6.623885390819224995e+03
-4.773984105404565526e+03
-1.592403562051751351e+03
-4.704049377577628547e+03
-6.260352074291727149e+03
-1.065811360373340540e+04
3.906372436959251445e+03
9.097063109904892144e+02
-4.271509005331680783e+03
-6.434400395004832717e+03
-1.312111383124869280e+04
-1.393492558915672635e+04
-3.334012224948013227e+03
-9.752841880211222815e+03
-1.122137891455210047e+04
-2.321366167234397835e+03
-3.440194824941951083e+03
-7.554958115194833226e+03
-8.014313827274820142e+03
-1.077860911357992791e+03
-7.874379004538848676e+03
-1.953034137510682513e+03
-7.583720232331053921e+03
-9.892850332079561895e+02
6.151472439553887170e+02
-8.080078524531626499e+03
1.316934446701757224e+03
-3.788488270752779499e+03
-9.817258912335930290e+03
-6.159781166466720606e+03
-9.423868355736376543e+03
7.072731868564757178e+02
-1.068065300641279646e+04
-5.248271202689794336e+03
-7.020892145267976048e+03
1.632359522845921902e+03
-2.077916230174497286e+03
-1.001915841621686559e+04
-2.667598082724469350e+03
-3.689807192235447019e+03
6.725576081165472715e+02
-7.006966702432451712e+03
3.768422944025425636e+02
2.671367802192588670e+02
-2.654136237208683269e+03
-1.411916367957782495e+04
-4.073405217027944218e+03
-1.288842141518771859e+04
-4.111004199717292977e+03
-1.468481675792528222e+04
-4.078667671819232055e+03
-1.695580669724969539e+03
5.560820182737218147e+02
-9.005174771119674915e+03
3.135559167967697363e+02
-6.820885945448483653e+03
-2.223245833711224805e+03
4.111130490745148563e+03
-7.825727211553901725e+03
-1.404741568546698727e+04
-2.988874217788691112e+03
-4.068653517778323021e+03
-3.303289577474085945e+03
-9.122091375205711302e+03
-6.955797433888934393e+03
4.916956146623512723e+03
-6.985451691141458468e+03
-4.412161390744124219e+03
-1.182069153741614173e+04
1.042953539573775288e+03
-7.179021519272546357e+03
-8.259736317289996805e+03
-5.217830242883265782e+03
-5.522988751859666081e+03
-3.601811705446798896e+03
-4.330615832802707700e+03
1.740258209108167193e+03
-4.389875820529598968e+03
-5.358757032355330011e+03
-1.723736041222402946e+03
-1.073914481193862957e+04
-3.509796052914817665e+03
-1.607608880844276428e+04
-4.311670078175677190e+03
-3.944122180633318294e+03
-1.208555178493593667e+04
-4.841905555518694200e+03
-4.881855723200314060e+03
-6.629943972602457507e+03
-3.779809111331902386e+03
-4.148195291673882821e+03
-4.532995413418168027e+03
-8.564657869301818209e+03
-2.758961488018397176e+03
-7.447284978589842467e+03
6.995724558760496620e+03
-6.363698257656252281e+03
-5.694733727997610004e+03
-5.398691269173536966e+03
-6.609158303275667095e+02
-1.053365991203925114e+04
6.273076933526447647e+03
-3.893293578414265994e+03
-1.712125396743866531e+03
-1.468556412377483412e+03
-5.011967501365230419e+03
-9.784356084677185208e+03
-9.551933976519068892e+03
-9.924633917295910578e+03
-2.805432121818345877e+03
1.009784566251770343e+03
-1.684282007059406169e+03
-1.546588866023263654e+04
-5.312930752007946467e+03
-2.885353205091189920e+03
-6.644632521786335019e+03
-2.932183459557166316e+03
-8.904702092786224966e+03
-3.014193951200410538e+03
-4.370366675314539862e+03
3.558130628686889395e+03
-1.541549641917712279e+03
-7.583958985327268238e+03
-7.678507509745106290e+03
4.684326147227483261e+02
-8.424821765715227230e+03
-5.775855549331487055e+03
6.348113690505668274e+03
-7.473951060802529355e+03
-3.233574414399120997e+03
-3.230916218212223612e+03
-4.563348934274536987e+03
-2.875854459054657582e+03
8.475609927801709773e+02
-1.056684091779237178e+03
-1.266977829588934947e+04
-1.172844434774949377e+03
-4.368973457744136795e+03
-6.839715935891855224e+03
-1.895142479541202647e+03
6.893583974952581457e+02
-9.577500778426978286e+03
9.456413998800449917e+03
-4.274885507944146411e+03
-7.545806794974905642e+03
-1.366822412397101743e+03
-1.007023697107720727e+04
-6.540466007006164546e+03
-1.414813836044051413e+03
-3.712057583759303270e+03
-1.412011379904977548e+04
-7.974490767331567440e+03
-3.083103274708803383e+03
-1.225082645070424121e+02
-8.539848609596239839e+03
-9.083206111973517181e+03
-1.716230485711767244e+02
-8.829912387232094261e+03
-6.166666955514342590e+03
-8.166561190943761176e+03
-2.008132335904334241e+03
-9.009370405905581720e+03
-5.200052943651928217e+03
-1.057931193933578652e+04
-2.801971955477411029e+03
-5.779371390545979921e+03
-2.979806340846796957e+03
-1.040365093026748218e+04
-8.481601016147782502e+03
-1.989885242975936080e+03
-4.692188561091610609e+03
1.828940361217787313e+03
-6.805909659849789023e+03
9.078514891913730480e+02
-3.075941966520199458e+03
-2.126450734869371900e+03
-5.194598712406509549e+03
-6.294932606869354458e+03
-1.000394605667862925e+04
-8.060645161165686659e+03
-4.410097892185192904e+03
-1.513555883366463240e+04
-9.224114812736737804e+03
-2.967939583017426230e+03
9.962034620207548130e+01
-2.096735635532080323e+03
-1.275023611673893720e+04
-4.747102379438966636e+03
4.157629930758786031e+03
3.704472173679023854e+03
-5.243598249714276790e+03
-1.358369593573997236e+03
-2.663921152440723290e+03
-4.634059646143708051e+03
-6.941458770535178701e+03
-1.843345949656502853e+03
-7.419883551124257792e+03
-7.121896221923280791e+03
-6.677699201454993272e+03
-5.189432395510661991e+03
-2.117890529077631072e+03
-7.383041572740569791e+03
-1.816996589082645642e+03
-5.047262687017728240e+03
1.046456262114549418e+03
8.839756414329800691e+02
-2.590998702958119793e+03
6.858028211965656737e+02
-5.744331199856094827e+03
-7.638221455913286263e+03
-1.288602079225584930e+03
-9.960732436228883671e+03
-1.574905298337984732e+03
-5.321009250305339265e+03
-8.760681260274033775e+03
-1.277906440223331265e+04
-7.501236917766658735e+03
-3.319629127199857521e+02
-7.074441400496783899e+03
-5.466565721562715225e+03
1.756044225803281051e+03
-7.615531691687100647e+03
7.104108738949351391e+03
-1.222053793715645725e+03
-9.879909436049554643e+03
-2.485245339460621835e+03
-2.446819982866369173e+03
-4.212124566842968306e+03
4.177061556818292956e+03
-9.770809738134663348e+03
1.444249547643590859e+03
-6.149981124995087157e+03
-8.956345839830892146e+02
-6.200530280323213447e+03
-9.340463033826370520e+03
-2.791268821532988298e+01
-7.554955244619755831e+03
-7.602564790763540259e+03
-5.530622617172596620e+03
-9.121016249321393843e+03
-5.929795646549177945e+02
-1.360644601783926737e+04
-4.294161324555485407e+03
-1.542505162455388745e+04
-7.997017135524602963e+03
-2.607121380363832486e+03
-6.841590478757690107e+03
-1.728146117227287277e+03
-1.942777618805605925e+03
-6.050788062615118179e+03
-8.570431111607773346e+03
-9.921721852332029812e+03
-6.262770815726407818e+03
-1.278023319495423948e+03
2.056395766213021545e+02
-7.332687883160751880e+02
-8.482730897527089837e+03
-3.216940033164381020e+03
-4.811664415377646037e+03
-8.178383897885163606e+03
-8.286590574766879627e+02
-7.076753042081329113e+03
-6.401470074729531007e+03
-5.508676196361762777e+03
-1.373470588570769678e+03
-2.262230865696872399e+02
-6.278554257637881165e+03
-2.431845460340341560e+03
-1.397268682781918187e+03
-2.061007612445384893e+03
1.110154831479901304e+03
-1.497558934279878713e+02
-1.743738858371543074e+03
-1.348121359988235963e+04
3.422630742032830312e+03
-7.224910426497605158e+02
-5.971032688536411115e+03
-7.617254993834085326e+03
-9.007367450854608251e+03
-5.601304670107702805e+03
-6.528776080168426233e+03
-5.579633974600533293e+03
-5.038537498672000766e+03
-5.069932039504246859e+03
-1.481294792107471039e+04
4.758480746175221157e+02
-1.509603692027545094e+03
-9.644830436324056791e+03
-7.024580912573831483e+03
-3.680607846088630140e+03
-5.692025695662282487e+03
-6.871019582438108955e+03
-5.457766263148495455e+03
-8.915507291878275282e+03
1.497470474748771494e+03
3.727615320137691469e+03
-6.240947003924311502e+03
-1.250148686778940282e+04
-5.580139160096765409e+03
-2.486660623767633751e+03
-1.174509902977967840e+03
-3.525285142091474881e+03
-8.115947094605983693e+03
-1.154869348272674506e+04
-6.733696006022715665e+03
-1.009142092926083023e+04
-6.544055947608489987e+02
-5.523226733614540080e+02
-5.507648724454800686e+03
1.636642072352316745e+03
-2.350306853060886169e+03
-4.379429508664672539e+03
3.048444522870503874e+02
-9.483872698222330655e+03
4.524234741710036360e+03
-3.189324581082098575e+03
-6.493408190533233210e+03
-1.232472462109832486e+04
-8.266020794303689399e+03
-5.169572558938025395e+03
-4.108009476773694587e+03
-9.193031996745954530e+03
3.991911276134277614e+03
-1.039124799557462893e+03
-5.449634584643867129e+03
8.784982293283471790e+02
4.382785109639693474e+03
-2.127969701970532242e+03
-3.221385531255332808e+03
-4.483805827443272392e+03
-8.172917909513987979e+03
-9.435915032444087046e+03
-4.344227404915581246e+03
-4.212980928631643110e+03
-3.006666993105689926e+03
-1.808073856652426230e+03
1.461612099456677925e+03
-4.141202692413465229e+03
-3.335173324856796626e+03
-2.801594505020288125e+03
-9.040901633950170435e+03
-8.900599843430858527e+03
3.016147827543011772e+03
-2.118075560138230230e+03
-1.003527462019763163e+02
-7.561167694857627794e+03
-9.259842116059997352e+03
4.247291350543134740e+02
-7.395055726225930812e+03
-6.181118833668107982e+03
-2.960806636284351953e+03
-5.434603613126276286e+03
-5.816550810929713407e+03
-1.505930580340444067e+03
-1.094397097578684588e+04
-6.823674721185925591e+03
-7.812141539172952434e+03
-7.803428379498869617e+03
-2.033254860628823963e+03
5.932279631066729735e+02
-1.165389947527297409e+04
-5.395287272481863283e+02
-1.307586642715323615e+04
3.005424248708548475e+03
-7.867958553135914372e+03
-2.755238731715789527e+03
-1.339343642372633803e+04
2.439041577201283417e+03
-1.172341642605847937e+03
-8.380108307510445229e+03
