1.033820651841210747e-05
-1.861988598399477723e-04
-8.357091833039653750e+00
-2.143112885708545967e+00
-3.443426246105096844e+00
4.420664648251850792e+00
4.496852500074743908e+00
2.072751971915661073e+00
2.051216890865352305e+00
-5.049892870587768812e-04
-3.171100175975993807e-04
-9.944375055337872027e+00
3.728241709913672430e+00
-7.385979829055422385e-04
-1.073566356156425883e+01
-6.759817608099600861e+00
-9.026037863336750178e+00
-1.120684482616536926e+01
3.922829322382526129e-04
3.214696023086076604e+00
-7.105200485673585753e+00
-9.256722158421659685e-04
4.071761901322488164e+00
-8.332882269888207460e+00
-2.309505030186898011e-04
-4.378427942732798783e-04
1.639203147537206462e+01
-7.084495768792109516e-04
-6.571982456819433160e+00
4.732558497331851299e+00
-7.012300556717317335e+00
6.096659862862786383e+00
8.844329914587945041e-04
-8.239176743333926467e+00
1.892135886635504249e-03
-1.670638870211037386e+01
-1.513336029380810244e+00
7.775739581749926188e+00
-7.013813676315430179e+00
-1.377999060084307459e+01
6.499200755527567708e-05
-3.431325025105648407e+00
-4.653215931770350977e+00
8.915866892749450656e+00
6.484423160723673973e+00
-4.342425333562718315e-01
-1.017347617715507546e+01
-5.925323669115265979e+00
1.247389450915814457e+01
6.368896047819742279e+00
9.165514943487238497e+00
6.647316363410691764e+00
1.219554888180934427e+01
7.936185868748646399e-01
-7.354290798470140444e+00
5.254154444342830743e+00
-1.356976161049683327e-03
-1.606245212408818901e-04
-4.105388890258518941e+00
9.131345430588577727e-04
-4.663896143610320344e+00
7.516206524154935842e-01
-3.766055782351047654e+00
8.650564626830892223e-04
5.800204935913507498e+00
-2.526005647560287670e+00
-3.031636267332349810e+00
5.279499310413209301e-01
3.812449211721968823e-04
1.351417563458153559e+01
-4.729209298166558995e-04
5.063735962911812827e+00
3.383480054560016992e+00
-6.384526819101612460e-01
-1.089638384792973369e+00
1.373158090341557802e+01
-1.217830536644463990e+01
-3.385532523889622780e-04
-1.396280153302953408e-04
-8.907411382572238523e+00
-7.623442866868230361e+00
-3.018810129820082011e-04
1.794795586131524345e+00
1.046268497918851992e+01
-3.580715175033825304e+00
-6.644168339529341161e+00
-9.639054120035672746e-01
6.299416096142707033e-04
4.522968862228811560e+00
2.237313726609182041e+00
1.216190637637359018e+01
-4.923513029760928639e+00
2.415032180315685117e+00
7.754521197282215894e+00
-9.546800103774621959e-04
-9.012037237205364093e+00
-5.174886587311355868e-05
-8.371606517190537389e+00
2.999754450984334575e+00
-8.057589326093683724e-04
-2.014371338304732362e-04
1.037789926223166681e+00
-2.889723503840087915e+00
-3.169385067858243588e-05
-1.172143084177346140e-03
-4.652595578929450859e+00
-2.534168475998947567e+00
-1.348721531455757727e+01
-5.059510596619965384e+00
6.259238052186084644e+00
1.104819469272876020e+01
-4.604072776869729822e+00
-2.148794801871695359e+00
9.987323880847878144e+00
1.115741227125797508e+01
4.172212965048352373e+00
1.451470184819392273e-03
6.304519907357288844e+00
-4.363405251406327068e-04
5.629403407784278279e+00
4.954369228529902358e-01
2.968581546102869950e+00
5.565461958451935587e+00
-2.129696770060061084e+00
-4.635515297223713027e+00
-9.234907915805036893e+00
-1.399266279458347917e+00
-1.349022752670236969e-04
3.804112578496872121e+00
-3.784247003129782350e+00
-3.190582491274795984e-04
-1.849926906230425772e-02
1.202851695728891457e+01
-1.565463179388902759e+01
3.756802884343941606e-01
-6.449121321861515099e+00
3.501445295892580134e-04
-8.344891113336583288e-04
9.927181250244387911e-04
-3.761948625850264349e+00
7.055520438958851059e-05
1.274723098603818627e+01
-8.025140851280195164e+00
1.014705596844809321e+01
5.662199151164060140e-04
4.712743020359224211e+00
-5.357964346363301544e+00
-5.664313055055991697e-04
-1.806913827859569111e+00
4.327260241596391666e+00
9.894168565010019734e-04
-1.622540261987592825e+00
9.081522597611524361e-04
7.881269775699988323e-01
-3.320604558780444471e-01
-4.169754221115493209e+00
-1.136986575683837764e+01
1.343084098403921089e+01
2.771220336929017591e+00
2.339730781002368420e+00
-2.164804320138795646e+00
-7.705387345668916588e+00
9.925390598033754230e+00
-8.864166157931109069e+00
6.280168001018271440e-04
6.452907150976555428e+00
-6.846614470448209033e-04
3.010687546489698718e-05
2.964063346171386115e-04
1.023666595685027403e+01
9.856459480060205891e+00
-5.549731113506357616e+00
-4.892461194158137516e-02
4.232653229328571243e-01
-2.768073657397764009e+00
-6.774394690984117062e+00
-7.860038634406318891e-04
-3.913040949877166330e+00
-5.295417006240015212e-01
1.199590250310330219e+01
-5.654739052729404136e+00
8.044600248528157138e+00
7.966901998714377875e+00
-6.298639769530822718e-04
-7.920143030427555075e+00
1.747730015031844220e+00
5.928594743620507757e-04
3.684425493243486116e+00
1.413072032310225268e-04
-2.823334170282452593e+00
1.488596215905246822e-03
-5.503278614120908685e+00
6.022426228451394081e-04
4.098306542694953869e+00
-4.779342945315789848e-05
3.343487014160863247e+00
7.695024617305179504e+00
1.122687788770692308e+00
-1.236582918506812234e-06
7.256287500074565244e+00
1.804781283663598579e+00
1.230577116435380880e+01
-3.208529259194812244e+00
2.930048101120988679e+00
1.157803032239002050e-04
-4.822682319902426684e+00
-3.435714871270465043e+00
-5.088781371853022151e+00
1.046853748766451986e-03
4.318277467803044445e+00
-5.010764638893578926e+00
4.913228303071242919e+00
1.103483914118049025e+00
4.489749657696179952e+00
-5.448815802182593870e-04
1.095588551746285688e+01
8.421934518043627804e-04
4.818181209983684710e+00
1.365684404183548040e+01
4.568746189778267741e+00
-1.154808851614568255e-01
-9.206811711806039966e-04
1.756149333189682693e-04
-7.756603862037145802e+00
-2.161590214186936976e-04
-5.765250003961012837e+00
1.173995086922730025e-05
-7.605738302363107550e-04
5.637428592386354964e+00
8.424263349313916294e+00
-1.293976384578963135e+00
1.059735544979017696e+01
-2.438654109798464198e+00
-1.232104048974669297e-03
-2.607923002968446369e+00
7.201860980431024295e+00
2.706123886060396444e-04
1.145944417983556640e+01
2.351109357333738714e+00
-1.100103151738807128e-03
8.580745542552392635e-05
3.255775986810149902e-05
1.243617871666180896e+01
-1.069186190276041337e-01
-4.934808527156897107e+00
-5.696935847656045659e+00
-2.734706782898105537e+00
-3.028706290417667368e+00
-3.160173949779503388e+00
3.385440943048934059e-05
3.147536658174693525e+00
5.339346046895343534e-05
-6.873308475050521338e-04
8.684988902628660412e+00
8.707901140671756579e+00
5.318868271242394030e-05
1.064738694099418836e+01
-2.234370833354899943e+00
-8.204447769531562074e+00
-3.434458136972136089e-01
-7.161066274395055054e+00
1.068372360109727026e+00
-1.967869069257055514e-04
2.895923197617205957e+00
-3.333031332786173806e-04
6.450537194400258301e+00
9.436763108354080387e-01
-4.533526660063111891e+00
-1.460487326171697742e+00
-7.153332069901434664e+00
-3.873674283578765198e-04
-7.131088107093498607e+00
1.079533388564218122e+01
-7.181814601950886612e-04
9.792945604587465880e+00
7.123896948600235035e+00
-1.904008759911575588e+00
-8.454407599929018247e+00
-5.914611496498426213e+00
6.538387248972710175e-04
-7.860174394955717680e+00
1.790521021871282148e+00
-2.579348427449446035e-04
-6.996428831990654018e+00
5.397851242094837687e+00
-1.073624427716982588e+01
8.541172961619748705e+00
-2.413174212234636684e-03
-5.715046930734324349e-04
-1.210528269265598311e-03
-2.193972978893278913e+00
6.045472502401727510e-04
-1.101181275794211345e+01
-3.073398375152669892e+00
5.060949195245273202e+00
2.887033540057704073e-04
7.317771048276355828e-05
-8.955152023426339980e+00
-4.871926073354014619e+00
7.088491557620812955e-04
-4.496024269701033305e-01
6.805943889922616563e-04
7.760929945474480895e+00
-1.137635972877487767e+01
7.065959620673680774e+00
7.921966991271091274e+00
3.408823612916966894e+00
6.296046430741659705e+00
8.818192497157539833e-04
-5.090438321593648396e+00
7.949266085414227412e+00
3.740613742518466012e-01
-1.527329572840453675e+00
-7.911148906773269651e+00
-5.622641376100698807e-01
5.008492347755577612e-04
1.046534430335731436e+01
1.655610076947892306e+00
7.646573702717819110e+00
-2.713310369150381263e-01
-4.245969448767437981e+00
-3.194950881920902042e+00
8.215750104195345571e+00
3.025465943894778853e+00
-1.625448007018578167e+00
7.409349749447624589e-04
5.822691811445679377e-04
-2.741493200615884973e+00
1.162956265646997167e-03
6.871092994962317846e-01
-7.555932772170479872e+00
2.614839081152009470e-04
-3.717284750232142443e+00
7.280176117505426703e+00
2.556890955747551875e+00
-3.097224510695180566e+00
3.235593109776114140e+00
-1.071572998066372406e-03
1.171351158986075003e+00
-3.468691658783022547e+00
-5.837770545217958684e+00
-1.499138498253132834e+00
5.962281785087952812e-05
-6.963043711554206538e-04
-2.680421283698539270e+00
-5.363433741330467797e-01
3.886368604528733783e-04
7.421618119147765924e-04
-2.793480144198667858e-04
2.722023599490697165e-04
1.021499001767306680e+00
-5.149461759508120906e+00
-8.398145660433781856e+00
1.047094112576196778e-03
6.665235662417902773e+00
1.073637109911108212e+01
2.029795290950341169e+00
6.698318465403474420e-05
-3.456196093396535218e-04
-3.230088512493622943e-04
-3.317508710947159045e-04
-9.396783281099981622e+00
-1.242488675665731623e-03
-8.461985846741626460e-05
-1.264425180264466819e+00
-1.171563701411778347e+00
1.750728391208715706e+00
1.200875474253178687e+01
5.308758507991395703e-04
6.653841585374053125e+00
1.423295153241355138e-03
5.166150218043341624e-04
2.636024709592454940e-04
9.057236710578422390e+00
-7.035447451437542910e+00
-3.672532163356834189e-05
6.912941101375729147e+00
1.240546193717051437e-04
8.133329168694615419e+00
-6.836591907389150791e+00
-1.012583665195539950e+01
5.472926248888398959e-04
9.003442363060276676e-04
-1.112261464257398558e+01
7.587332496019063122e+00
-1.836801535781856121e+00
1.127614788849484739e-04
-2.455967968071348650e-04
1.026510880762998568e-03
2.423190597554087944e-01
-5.050183566188692907e-04
-9.889128475654572981e+00
-1.055535528931972777e+00
-1.042988807972813881e+01
-1.454099934723172893e+00
-9.998755732047261091e+00
-1.543001824830803059e-03
-2.868844472625475817e-04
6.950992613281329113e+00
5.620369346964197099e+00
6.011864372017724278e+00
-4.908742038873814550e-04
1.130849924961374597e-03
-8.282745190049578099e+00
8.296885391331295878e+00
-3.257935550814002212e+00
-8.528407328035791934e-01
8.463717551007872153e-01
-4.845148621512862519e-05
-3.268399611160634599e+00
-1.138600899455026472e+01
2.261378171573890317e+00
-3.308108480316192423e+00
4.999279125636957311e+00
-1.620858952459343305e+00
3.308963212242943541e-04
-1.264482146780210314e-03
-3.711139261589390337e+00
1.989385713951278944e+00
1.377351473633048329e-03
-1.826607440265432203e+00
1.379370850429495476e-04
-8.956811282054173873e+00
1.281320145431966928e+00
-1.927791055072272108e-01
2.129147722069069548e+00
4.789027033638149078e-04
-1.464536766488944153e-04
-1.700583386110565698e-05
-9.346806513415018003e-04
8.086462392370803443e-01
-3.194522311192722785e+00
-1.659621336663974489e-03
-1.001375702466084761e+01
8.161628750035557545e+00
1.588431340961328431e+00
-9.377431275430225810e-04
-9.920066319345609784e+00
5.390817781204479076e+00
5.849568559466396422e+00
-3.225459044854666502e+00
7.016861696457581843e+00
8.387769793136712337e-04
8.862440194857397202e-01
2.152820997777915579e-03
-3.828724515108103965e+00
8.282336363109582322e+00
-1.697947269706011397e+00
-6.666301308967647721e+00
1.021085150415493992e+01
1.658148397269608720e+00
-2.009745943121730605e+00
1.170054312626501947e+00
-9.755153985600371058e+00
-4.899008536671800584e-04
1.295762271825470879e+00
2.955714721636634401e+00
-6.754111796498809106e+00
6.822221872559855349e+00
1.052857595062901996e+00
9.262937576448031507e-01
-5.581757188018201532e-01
1.103275332550168741e-04
-4.221183884562940136e-04
2.669474882610600730e-04
-1.510577162503983217e+01
-1.744814181767750938e-04
-9.196179805473594371e-01
-3.322176167604061092e+00
-3.895133583204652972e-01
-3.218143039140553885e+00
2.522387780309391481e+00
-4.996757192726548169e+00
1.686389741115750951e+01
4.593977841174826438e+00
-1.066843531000517942e+01
1.643064935437088536e-04
-1.649151911496082423e+00
-8.382358941183554180e-04
-7.317644062910950709e+00
5.280335255721801957e-04
-1.254281755530772813e-03
-4.836441656690393387e-04
4.544694309140950850e-04
-4.432763144431918434e+00
-6.087868751782461452e+00
6.819344409678684826e-04
-4.941062680234059812e+00
1.365421360532970141e-04
5.763329895724922380e-04
2.974465464262414649e+00
-4.947957750756039275e+00
-2.632907980753243393e+00
1.208423620217624395e+00
7.010472131202090118e-01
2.232211549516349258e+00
-4.440944839088167839e+00
-8.003721393159000996e+00
-2.287735563051285226e-04
-7.852263491199473755e+00
5.133266187830888505e+00
-7.151590322121137433e-02
1.336812921927376330e+00
3.379527830720109982e+00
-8.214307391934397629e+00
4.985070098213968404e-01
-3.646033630098016065e+00
-4.148454313739335930e-04
1.031663153587939519e+01
5.910380526021885572e-04
-1.313623328169470028e+00
-1.875548104341540068e-03
3.721900609877967447e+00
-5.215251185580383364e+00
9.733796737857797865e+00
5.011497429355792121e+00
3.697231342548752409e-01
1.167781056903786308e+00
1.352956915896097456e-03
-3.628610747131692627e+00
3.257113690986614518e+00
5.592902036023506440e+00
-1.653614636099742796e-01
1.458568471210952566e-04
2.880217842751164881e-04
4.527124828238511256e+00
-1.275224616971957214e+00
1.014159165104021731e+01
3.854441666338843220e+00
1.320494023212340728e+01
-2.263114852349978889e-03
-7.479362825196437470e+00
-8.863607229904108209e+00
-8.077718108019156240e-01
4.773237226904369912e-04
4.411991667916675297e+00
-9.606537963579484085e+00
9.867529018220411174e-04
4.723493466438632993e-04
5.745225257349773074e-04
7.994290110563357032e+00
-8.037220508687603626e-04
-1.468262967622539961e+01
-4.968555406303920563e-04
-8.823361291702234155e+00
9.056116741457495678e+00
-2.396113999760807189e-04
1.377036021957818335e+01
7.772061554951900320e+00
-2.890903209529227524e-05
-4.270603172344268117e+00
5.333206621076502785e-04
1.128418141566211474e+01
3.037709592272468839e+00
8.638103804493349358e+00
-9.928119202645309116e-01
7.917222116422428790e-02
7.628188628103771407e-04
9.763211660264500935e+00
4.037889105323284156e+00
-8.120107590499907602e-01
-1.318577067285614746e+00
1.637825746737770594e+00
2.546126920532044480e+00
8.989960909588923244e-04
1.119152035758369479e+01
5.393132543561497627e+00
-6.913930880361185416e-04
1.551772926706718181e-03
4.257446421005528059e+00
-1.091375607666672565e+01
-8.253525225777519125e+00
-6.872674320222794009e+00
-1.021576740940055572e-03
-1.741860776836676727e+00
-1.181567761394816962e+01
-1.648886055608755896e-03
-3.644523798973509088e-06
1.786684311930741842e-04
-2.128907558591741633e-04
-4.635503825094478003e-04
5.334297305272089673e+00
-3.015235424549001397e+00
2.011091275588668736e+00
-7.473604080421303308e-05
-1.087910988271545421e-03
7.310796055890353529e+00
-6.272871187799363923e+00
9.178804275072190322e+00
1.603918838462448093e-03
1.914373451525896996e-04
1.097444563014526864e-03
-4.998742563639150482e+00
1.607862664498860283e-04
-1.279412149729040671e+01
-6.268830436096251013e-01
7.059555936387694075e+00
-3.547323500127311569e+00
-3.045968416581779081e-05
3.761268589114595606e+00
-8.556378382431173435e-02
-1.151523918807378877e+01
8.993456827828296696e+00
1.031790354946049426e+00
4.437000367604629680e+00
-8.289151494444979562e-05
-3.304068397353976394e-04
3.019447508022462312e+00
1.158015760718113185e+00
-6.724714856900270377e+00
4.392114055686846541e-04
7.535470333052991521e+00
-5.961940437737567322e-05
2.327347370809640381e-04
8.893795650809156683e+00
7.423597763587979514e+00
3.476213622890522714e-04
8.704395776352757963e+00
7.367288356114222836e+00
-6.486449794635973376e-04
-7.359124182407918546e+00
5.834436663350039964e-04
6.244325522566452236e+00
-3.552569558635809699e-04
1.240424962891673033e-04
1.428517047555398767e+00
-2.479793334315203879e+00
3.541985833299676756e-04
8.930192127805676172e-01
5.673278721485436549e+00
-1.452228834333268992e-04
-6.627514945480861286e-04
9.768208108347691265e-01
2.022438210147286419e+00
3.910244835483620562e-01
-2.755155814799792324e-04
-5.896827060370027240e+00
-4.336577140016117937e-04
-5.264121681504161376e-01
1.700786964288770520e+00
-1.302864497035013969e+01
9.764518071511645303e-01
-1.199440033133338446e+01
2.525790329860202021e+00
1.417813162485499490e-01
5.356785664076824105e-04
-3.323619481194008962e+00
8.292697980962001836e+00
-6.585409688543875539e+00
5.555868692042054136e-05
1.588661808856823399e+00
3.421967399160023682e+00
-3.813116952553646577e+00
8.608400585305894026e+00
9.213368743277467132e+00
4.666253453045257515e+00
3.399687418887964441e-04
9.300403362418059316e+00
-1.292188797890247010e+01
-6.581174272156735228e+00
-1.024276132023052455e+01
2.705205617403940721e-01
-8.152419954843281857e-05
-1.278825149286412355e+01
5.567825336426557747e+00
-6.523315986015131962e+00
4.981190162933360810e+00
8.407500208136298170e-04
4.981979567912900642e+00
-2.507632503796486390e-04
-3.275959054308955842e+00
8.292099476195257779e+00
1.209059041129112444e-03
-3.661370223042568206e+00
2.085866731155703313e+00
7.299558769741528508e+00
-1.274081953077788043e+00
2.022790234787632535e+00
1.614358235283114285e+00
-3.825776264170097640e+00
9.149766595371033873e-04
2.481502360729102463e+00
1.109490688648564216e+01
-6.575018870615579658e+00
-4.211920159139368458e+00
3.398726693648184138e+00
-4.532152078885465230e-04
6.624300054228669410e+00
-9.034229752620415610e+00
-3.040904650274894649e+00
-6.142231803979658622e-01
-1.506771606126999785e-03
1.018438674583751968e+01
1.130430896024234855e+01
-7.563932034215119948e+00
9.874462084522495076e-01
-6.212274995931466037e-05
-8.921367338805552549e-04
-1.399780027607322452e-03
-3.424320356506527219e-04
-1.196953047993564567e+01
2.547183708728121054e+00
-7.923331839211822825e+00
-9.601739515735591368e+00
1.734585187671555673e-04
4.870461171599949068e-04
1.724675312111253245e+00
2.323105151433516369e+00
6.885867314876392697e-05
1.499111835890518662e+01
1.481380561429370912e+00
8.316379673884988222e-04
-3.253268706895351414e-04
-7.899410274387321351e+00
7.494074205900425056e+00
8.495614098408790227e+00
-1.006646337238807831e+01
1.640158691723700990e+00
2.453817379191447934e+00
-9.588373146915962764e-04
1.549007324432667865e+00
2.269625103929553411e-01
8.556306664943308604e+00
5.523523836510335627e-04
-3.482652879507827315e+00
-5.727513535580541770e-05
-1.787642377909897995e+00
-1.031741288891924135e+01
-1.220625646567441436e-04
1.168800900027910927e-03
-5.644920499166721228e-01
-9.359268812984069541e-01
-1.336141590158934633e-03
-1.275187048497944708e+01
-8.633545383524964478e+00
-7.860729822439793679e-04
-9.234509354813564386e+00
-5.062885496116573236e+00
-1.836349082184884907e-04
-5.655370314485708150e-04
9.560202877748228190e+00
-2.923845277691706990e+00
6.476371220062000056e+00
6.230394444871647508e-01
-5.130342695918153950e+00
1.531090527262486845e+00
3.270119556324191379e+00
4.409167620885776628e-01
-1.459216014778363490e+00
1.380528841790074068e-04
-3.240748830064532626e-04
-4.898483365894543695e+00
6.532527660482211118e+00
4.393897011440748290e-01
-5.237586599288709621e+00
-1.719934455461284983e-01
4.384795462186634296e+00
-5.492364617543113781e+00
-3.564760318405110429e+00
7.064496408374203895e+00
-2.222986769983537059e+00
-2.333116093347618047e+00
-5.199308746253262115e+00
5.637864708800677249e-04
1.096559493270266472e+01
-8.080409089756619423e+00
8.329600829023261710e+00
-1.778944807421449070e+01
5.522736954158808942e+00
2.736879993370244790e-04
4.924703674014097032e-04
-8.970586499379688661e+00
2.013263846781732980e+00
7.695198426660812885e+00
5.711887461218289275e+00
2.297289781642509965e+00
-7.860900818077443120e-04
4.693865221456761105e-04
5.557229767524872521e+00
-8.445774948068077492e+00
-8.490869606187796848e+00
4.585352068768056455e+00
-1.154306150746187143e-03
-1.670510928225886094e+00
-8.124333130906506995e+00
-8.463117604783020553e+00
8.314334087864068579e+00
-2.865178607298757285e-02
-4.710599619075495070e-04
-3.701329323626549872e+00
-4.347015698189320432e+00
3.967615243386868329e+00
7.936935947682744796e+00
-1.146250230543267579e+00
4.960647060365111827e+00
1.539491723773253273e+00
-2.609654667526580596e+00
-2.497744875764595918e-04
5.476649528463905625e+00
3.211217292254865185e+00
-7.571541176414342544e-04
-6.526972570141747809e+00
-2.616514577815642895e-04
-5.635723386434957405e+00
1.833592062023825520e-04
3.916944522917020777e-04
6.111512554900500049e-04
-4.277702041406428179e-04
-6.332015281217380220e+00
3.737017698768330121e-04
-5.848318215060636760e+00
2.828142659934838044e+00
-8.156470828812599549e+00
8.170866196262643655e+00
1.101059622204303423e-03
5.294853911974595206e-04
1.334233547712307200e+01
3.940451785755527681e-05
3.136320290728633609e-04
1.132623591683897590e+00
2.966663731448067942e+00
-5.270612863608935328e+00
-4.249471338732306869e+00
3.218873268484244932e+00
3.493583680553857818e-04
1.404041377922056810e+01
5.799114902055483967e+00
4.624378440539359758e+00
3.913948795983888118e-01
-8.430789545695752452e+00
5.325979248742562788e-04
1.120873965899886926e+01
-1.485016802324182539e+00
-3.808543997269124404e+00
-3.389313662144545436e+00
7.845951839613274359e-01
-3.150799649631608190e-04
6.149088968404603506e-04
-7.933201117866389041e+00
3.225414952496731047e+00
2.167825669978640235e-04
-5.190228031739116510e+00
-6.768604823559343231e-05
2.840692520251764108e-04
8.488975108849132312e+00
-3.843471497423715633e+00
9.588804844207022171e+00
-3.004201436993662711e+00
-1.161492654860269091e+01
-4.673691255293450197e+00
-5.494518477089371800e-05
9.362438981893063783e+00
1.745712271689237483e+00
1.676436847654914075e+00
-4.924210005923340461e+00
-4.033732056515392017e+00
3.068961981140816420e-04
-6.831765472487543178e+00
-9.417392217737480919e+00
2.861291006726817798e+00
3.104211829433326741e+00
-5.843734366922986645e+00
7.656162956415964338e+00
9.798490818927696466e+00
-7.617639721591018542e-04
-8.024204985970774473e+00
-3.339600771946292568e+00
1.204923218084067038e+01
-1.108828858396375949e+01
-2.966088415806799716e+00
8.813070505646662056e+00
4.101130156977106367e-04
-2.672559592422209196e+00
-4.204243682566568552e+00
-4.592648445230262944e+00
6.579488739946310005e+00
-2.045498682767618703e+00
3.394843969452411514e+00
6.561008078923924458e+00
8.201460494623447062e-04
1.520523562337291468e+00
-4.785828576352457731e-04
-3.490163825095038419e-04
4.706073085868549555e-01
-6.301670723507779570e-01
-6.104222862433756447e+00
-6.950686642166479245e+00
-7.294899337841535214e+00
5.534160682717222279e+00
6.262242415900090897e+00
-2.268949374424707344e+00
5.589968843764392403e-04
-1.038285246299661857e+01
9.725494718075822220e-04
-8.285831112072433058e+00
9.076917127984051703e+00
1.005850226665216951e-05
5.645588637690708289e+00
5.359721799980121659e-04
-1.833431786685491005e-03
5.988363262474673654e+00
-7.833313487441984080e-04
-3.041022945617474882e+00
-6.768157649963942646e+00
8.987134440451340467e+00
-1.139915695436144460e-05
3.743069889648770854e+00
2.012692093801598858e+00
3.147825218728099728e-01
-1.541227844939133007e+00
3.556076055269786096e+00
6.136235978904114319e-04
1.833387636819949762e-03
-2.554549643188373409e+00
-6.167027528358737243e-04
-7.458740577765965440e-04
8.208687568345141017e-05
-3.351869584216071729e-04
-1.793728269436911660e-04
1.990126074398190781e-04
4.377626982246414222e+00
1.156126591327955566e+01
3.321536302612432934e+00
-8.568822578171378268e+00
3.499278253127678706e+00
5.173488650660473809e-04
-4.782713362660402368e+00
-2.322302980749432422e+00
2.578165137673016361e+00
-8.018109114932732595e+00
-9.324695946247173239e+00
2.047085780370165864e+00
6.498375639960585204e-04
2.503180459080899922e+00
4.937131674074873189e+00
-6.626937692863620555e+00
5.483788996699249019e+00
-2.100192772791974249e+00
-2.241421120330322481e-04
3.516122429786339154e-01
2.919640191134726059e+00
1.002759375917428031e-03
1.354892471021607037e-04
-2.043975501631045688e-04
6.420841334420156699e+00
2.667072299879569730e+00
-9.849215954671896256e+00
-1.156470449427706626e+01
-7.936686313224053713e+00
6.740427596559268153e+00
9.937429835539516532e+00
-1.348452116527617317e+00
2.953708161195223170e-04
5.227563667777879175e-04
5.446053948308166248e+00
5.403443012555627867e+00
-6.337752423039106908e+00
-8.325172166881261049e+00
-4.746871738039126765e-01
1.567358188328427104e-03
6.406983613604921857e-05
1.009012992962965427e-04
-2.337904727933258542e+00
8.332402897632817940e-04
1.077259345858724071e+00
7.909349947496840727e+00
7.187260004659634660e-05
-1.649408027759591278e-03
-5.707490887853293060e+00
-1.025884633870099094e+01
8.361528905788830457e+00
4.424539973808538917e-04
2.917484074460006127e+00
3.852129714356501644e+00
3.915913795811581721e+00
1.246068321914679800e+01
-6.946787755106598183e-04
4.325458793790373235e-01
-3.967449480708848952e+00
9.311454778151428968e-04
-8.101779605796075145e+00
8.807070677180824703e+00
-1.048125357753470865e+01
-1.006357273350175419e+01
-9.544341679657009081e-06
4.025559127365241352e-04
6.844631707753910277e+00
1.725838971001183442e-01
9.289075650836540632e+00
1.487514678161619308e+00
-3.462757828692652584e+00
6.813223078908086094e+00
8.389658326772977404e+00
-6.723701561939372517e+00
-9.636656946546397151e+00
-7.338460306031706182e+00
-1.837471363101628619e+00
6.625729632321331053e-04
-6.859948575768104462e-04
1.050074297647128674e+00
