9.757312730653417272e-06
-1.891382733789082060e-04
-8.357091817110941179e+00
-2.143110622116975783e+00
-3.443427977933521511e+00
4.420661204462924765e+00
4.496852401639128693e+00
2.072749330065896345e+00
2.051214514131734834e+00
-5.053044527194572311e-04
-3.202873017640328612e-04
-9.944378911982896696e+00
3.728241559020979423e+00
-7.378136208525676309e-04
-1.073566422644802465e+01
-6.759821194376119280e+00
-9.026039278638869234e+00
-1.120684603513896960e+01
3.885900806896991355e-04
3.214691738252437148e+00
-7.105205464998837428e+00
-9.251319037320016037e-04
4.071761935126840370e+00
-8.332882548831900493e+00
-2.322485241670890765e-04
-4.361718778014278541e-04
1.639203215312437578e+01
-7.152001072956437611e-04
-6.571982451662908176e+00
4.732555964556937056e+00
-7.012306478132668275e+00
6.096657483956303913e+00
8.813093663460058735e-04
-8.239181619866776884e+00
1.892421770059049546e-03
-1.670638759594456602e+01
-1.513339537129045898e+00
7.775739785031674955e+00
-7.013813689266021889e+00
-1.377999224132922507e+01
6.329429402845976327e-05
-3.431323654973502890e+00
-4.653219497104965185e+00
8.915864291807851671e+00
6.484419361571444718e+00
-4.342427930676918679e-01
-1.017348198327512065e+01
-5.925327026015696497e+00
1.247389066803964575e+01
6.368896396426794837e+00
9.165513099575647971e+00
6.647312093082515361e+00
1.219554890164563332e+01
7.936155927296062451e-01
-7.354290910648519031e+00
5.254152619757814335e+00
-1.358133249391380026e-03
-1.649197492439302692e-04
-4.105388290216297698e+00
9.090562314069128291e-04
-4.663897976430125603e+00
7.516190233661714792e-01
-3.766055838011068246e+00
8.614507875601695730e-04
5.800203135073444649e+00
-2.526006277882037132e+00
-3.031635676847366234e+00
5.279455582589471785e-01
3.774737835468000569e-04
1.351417516876856872e+01
-4.739367680747785805e-04
5.063733625343379785e+00
3.383481030120853106e+00
-6.384528219961468354e-01
-1.089639173427373375e+00
1.373158131756795441e+01
-1.217830431070110642e+01
-3.395002217108089582e-04
-1.421715161450953779e-04
-8.907413752107286697e+00
-7.623440797256576751e+00
-3.034712630232694330e-04
1.794791707030362060e+00
1.046268779510850955e+01
-3.580714235009019752e+00
-6.644170651804261141e+00
-9.639069331104257454e-01
6.276052088949879426e-04
4.522963766069056923e+00
2.237312638774653362e+00
1.216190104222189916e+01
-4.923512590487788998e+00
2.415030175648551047e+00
7.754517088016283033e+00
-9.593498966224967006e-04
-9.012039548531387112e+00
-5.894990077959239017e-05
-8.371608104764524327e+00
2.999750273877692663e+00
-8.079626780899129557e-04
-2.051226630537250628e-04
1.037786733665636341e+00
-2.889724653852136615e+00
-3.367122921582588191e-05
-1.172999461779289376e-03
-4.652594669199171307e+00
-2.534167959276803828e+00
-1.348721493962030316e+01
-5.059511530211000085e+00
6.259238724365093987e+00
1.104819676324144062e+01
-4.604074522113396739e+00
-2.148801042871525180e+00
9.987324337760664861e+00
1.115741370699949897e+01
4.172211200317052615e+00
1.446798710243557551e-03
6.304517087214437154e+00
-4.366410378486840216e-04
5.629403943000995447e+00
4.954333259370502507e-01
2.968579737697084386e+00
5.565460364027105200e+00
-2.129698721263551864e+00
-4.635514322543684784e+00
-9.234910784874450940e+00
-1.399264885062464936e+00
-1.399051046282462352e-04
3.804113687117780973e+00
-3.784245839293349789e+00
-3.169032098526702868e-04
-1.849907844127018919e-02
1.202851687253764190e+01
-1.565463404933738722e+01
3.756816848601971515e-01
-6.449123416428092170e+00
3.460403101938069881e-04
-8.370422335846616768e-04
9.922064404189745446e-04
-3.761950953581814083e+00
7.077628285268033892e-05
1.274723373243101321e+01
-8.025145458113852825e+00
1.014705411237806665e+01
5.658417281824146272e-04
4.712741654562634608e+00
-5.357968004046449018e+00
-5.708709353848817614e-04
-1.806913605033527492e+00
4.327261966117747605e+00
9.889429137271976700e-04
-1.622544662225804402e+00
9.039545751492461534e-04
7.881226055408687703e-01
-3.320655212779497489e-01
-4.169752681269544681e+00
-1.136986814062964690e+01
1.343083975458417001e+01
2.771219094355030332e+00
2.339725590026331403e+00
-2.164802296246078228e+00
-7.705391375546546406e+00
9.925388875347517015e+00
-8.864169340051173407e+00
6.249862287651120063e-04
6.452907754436870924e+00
-6.818240680030451806e-04
3.086064108037689380e-05
2.968030047003633598e-04
1.023666379297316453e+01
9.856455949041578180e+00
-5.549736830583312575e+00
-4.892684688968740314e-02
4.232593811440596987e-01
-2.768073559348367851e+00
-6.774396635210487183e+00
-7.910744608909947573e-04
-3.913038942734033299e+00
-5.295430141591589424e-01
1.199590355552835952e+01
-5.654745344059817214e+00
8.044598421353123641e+00
7.966899178260657521e+00
-6.323005594852659783e-04
-7.920146196997110977e+00
1.747726007296994677e+00
5.944117593212894235e-04
3.684424249561096598e+00
1.387307323897912781e-04
-2.823335141759532263e+00
1.487119115108903600e-03
-5.503280989411289958e+00
6.029726129328505380e-04
4.098304139355354536e+00
-4.871925870308935203e-05
3.343483612533336924e+00
7.695021721805929360e+00
1.122689755580142723e+00
-8.441746047971321332e-06
7.256286047636544723e+00
1.804781215529049243e+00
1.230576728332098035e+01
-3.208533260884734339e+00
2.930049442897157519e+00
1.172924195400604219e-04
-4.822689955409106943e+00
-3.435716221385838764e+00
-5.088783478054439868e+00
1.043005641302774400e-03
4.318273006529846469e+00
-5.010766006344477219e+00
4.913227030706337040e+00
1.103482415502247793e+00
4.489748356660673956e+00
-5.470973518457711293e-04
1.095588763777916874e+01
8.417854621538545246e-04
4.818178159549001194e+00
1.365684236399602547e+01
4.568747744760216278e+00
-1.154799619826887280e-01
-9.220296461940891142e-04
1.714241845034436551e-04
-7.756608010572329626e+00
-2.171333322584789727e-04
-5.765252104395206523e+00
8.183670718808766509e-06
-7.622581831365771166e-04
5.637424588582860885e+00
8.424262731880286736e+00
-1.293976150985656437e+00
1.059735388302988923e+01
-2.438658196034118930e+00
-1.233398578779465460e-03
-2.607921291251679818e+00
7.201859983038005453e+00
2.678790863606117512e-04
1.145944105839717153e+01
2.351111753052467446e+00
-1.102278523263500176e-03
8.298145804328665998e-05
2.981405706219131257e-05
1.243617657103463081e+01
-1.069201764989800019e-01
-4.934810416063013960e+00
-5.696937134442837447e+00
-2.734706895102158697e+00
-3.028712256866449515e+00
-3.160175828478577031e+00
3.301662039873615173e-05
3.147532273407526837e+00
5.259828290848922450e-05
-6.907527760291465313e-04
8.684987121342690131e+00
8.707899590053861161e+00
5.079104719480850849e-05
1.064738489992348036e+01
-2.234373240973656305e+00
-8.204448067718494997e+00
-3.434460230564674310e-01
-7.161067252691266205e+00
1.068372498821277494e+00
-1.989514557673710549e-04
2.895916483702387634e+00
-3.311087337858342750e-04
6.450533624313814052e+00
9.436739922697344740e-01
-4.533530410632441665e+00
-1.460488997457120242e+00
-7.153333962315511663e+00
-3.883722307405079732e-04
-7.131091364081951767e+00
1.079533058612042140e+01
-7.213707769962440786e-04
9.792943982858140828e+00
7.123898534164951002e+00
-1.904007744508387390e+00
-8.454414833726827894e+00
-5.914615013507582120e+00
6.507072495571808446e-04
-7.860177355946676769e+00
1.790520543733423509e+00
-2.646786855460270260e-04
-6.996431061825461484e+00
5.397846964979453155e+00
-1.073624766291844956e+01
8.541172627202488599e+00
-2.416733184247621402e-03
-5.747585618416806846e-04
-1.214503170065661664e-03
-2.193975491346121576e+00
6.057748045393274161e-04
-1.101181577041429094e+01
-3.073400857681572784e+00
5.060948248885097200e+00
2.888926553565873689e-04
7.222512712279360869e-05
-8.955153933048027426e+00
-4.871924873227487574e+00
7.076716265414229046e-04
-4.496019426541861819e-01
6.805330691959515788e-04
7.760930307890658852e+00
-1.137636206052260235e+01
7.065959739280866181e+00
7.921966875408319453e+00
3.408822359465276008e+00
6.296043185990388480e+00
8.810450298022964866e-04
-5.090441067757985216e+00
7.949263174488767625e+00
3.740596535485704033e-01
-1.527329823322163271e+00
-7.911151438818427195e+00
-5.622642165223155075e-01
5.006809093408559619e-04
1.046533907443254030e+01
1.655609063548091120e+00
7.646568507057945219e+00
-2.713298439671919526e-01
-4.245966830073271581e+00
-3.194947895420154449e+00
8.215752383840829509e+00
3.025460761711089575e+00
-1.625450320848547126e+00
7.407527560789883836e-04
5.788786021625469402e-04
-2.741494332475316487e+00
1.162266391720900849e-03
6.871122883897198275e-01
-7.555938486923066577e+00
2.607537919421254458e-04
-3.717285404559288242e+00
7.280179354535184721e+00
2.556893481289717052e+00
-3.097226213589965305e+00
3.235592351584847037e+00
-1.068551664696881787e-03
1.171350391289956328e+00
-3.468693425299484101e+00
-5.837770155980484432e+00
-1.499140257149656374e+00
5.739454676212396578e-05
-6.973322712728879935e-04
-2.680420075841505323e+00
-5.363447422657581232e-01
3.899365571921054041e-04
7.401120719867232411e-04
-2.804358223911229686e-04
2.690904089006629363e-04
1.021498840656057450e+00
-5.149466828949987196e+00
-8.398145361610971804e+00
1.047641703793456003e-03
6.665230290486206854e+00
1.073636580525795559e+01
2.029794385148570690e+00
6.614202973609373259e-05
-3.472829543432753852e-04
-3.273953770029924826e-04
-3.325569239509551522e-04
-9.396789091456639653e+00
-1.243161380883650580e-03
-8.526287959353950896e-05
-1.264424822054466713e+00
-1.171564389366058334e+00
1.750723628469179172e+00
1.200875127215908300e+01
5.275345289441624175e-04
6.653842377237092265e+00
1.420132527225059782e-03
5.160220936075710085e-04
2.568969222860317814e-04
9.057235439518469988e+00
-7.035446825313324659e+00
-3.935622427569951398e-05
6.912940045897958186e+00
1.233012653685250370e-04
8.133325153867287938e+00
-6.836590451955673942e+00
-1.012583825093402723e+01
5.489333833423870601e-04
8.953600208689849183e-04
-1.112261793057294312e+01
7.587332154023922470e+00
-1.836806472500732035e+00
1.123783079821638609e-04
-2.461328356224701253e-04
1.022272196106621678e-03
2.423170334812320692e-01
-5.073416823010434840e-04
-9.889134320409775469e+00
-1.055539214622438493e+00
-1.042988935563909081e+01
-1.454102163558401717e+00
-9.998758981754560793e+00
-1.542287581151935427e-03
-2.879801758194355799e-04
6.950989741903763175e+00
5.620369204708464572e+00
6.011860512664025435e+00
-4.917326321125059345e-04
1.126446421411735066e-03
-8.282745314937344006e+00
8.296885311710090249e+00
-3.257933277510028702e+00
-8.528436430762995624e-01
8.463699611738295658e-01
-5.294102781089327081e-05
-3.268397699767868758e+00
-1.138601337780517753e+01
2.261379715192857631e+00
-3.308109796495144916e+00
4.999277032952957001e+00
-1.620854705182929401e+00
3.278657600005452366e-04
-1.264958491627998782e-03
-3.711140854291752778e+00
1.989384463995806485e+00
1.376546063702299705e-03
-1.826609139339161025e+00
1.389271349706289183e-04
-8.956811250954720194e+00
1.281313664925387563e+00
-1.927813237531940671e-01
2.129143976542831052e+00
4.764294985715178399e-04
-1.493512130301688501e-04
-1.754893906305565743e-05
-9.371359878426466228e-04
8.086437666611737685e-01
-3.194526072641202141e+00
-1.663723490469948274e-03
-1.001375854566042634e+01
8.161625080926159015e+00
1.588428183341995759e+00
-9.382721527386728155e-04
-9.920066332524331898e+00
5.390818898239787771e+00
5.849569633103056887e+00
-3.225462176109373580e+00
7.016860313818388484e+00
8.389869462676058376e-04
8.862416715824124047e-01
2.149841615736836076e-03
-3.828723975114128208e+00
8.282337577183977118e+00
-1.697951962454036234e+00
-6.666300240395598209e+00
1.021084981880251874e+01
1.658149463043972816e+00
-2.009747333167688055e+00
1.170049397805118074e+00
-9.755155397108637771e+00
-4.945271066176815111e-04
1.295761831269608200e+00
2.955713110620103556e+00
-6.754112371517228652e+00
6.822219934898124727e+00
1.052852500617089682e+00
9.262927511495240296e-01
-5.581776474518838072e-01
1.047080586249471423e-04
-4.269399375727012114e-04
2.666582905768155598e-04
-1.510576969784082380e+01
-1.761919115419452453e-04
-9.196182380052111416e-01
-3.322176541006447437e+00
-3.895164115389537773e-01
-3.218143620695515406e+00
2.522385739652775793e+00
-4.996757722747406483e+00
1.686389554428514259e+01
4.593976417701812309e+00
-1.066843663120293684e+01
1.660288222065098296e-04
-1.649154705740772275e+00
-8.376769491211799590e-04
-7.317646978172831496e+00
5.279876716632880829e-04
-1.257907105818745208e-03
-4.871134077552019548e-04
4.533234544485953421e-04
-4.432765508546220978e+00
-6.087869703425774048e+00
6.785093392275148849e-04
-4.941058760777559122e+00
1.362707498298032505e-04
5.751275101002484291e-04
2.974464999006492860e+00
-4.947959818657502673e+00
-2.632907368552276139e+00
1.208419755215754510e+00
7.010433206524737670e-01
2.232211740473283079e+00
-4.440947789684815739e+00
-8.003721377639745782e+00
-2.308440187823723733e-04
-7.852261127799263996e+00
5.133262630205637223e+00
-7.151890745555000706e-02
1.336811050316596861e+00
3.379527159737497399e+00
-8.214308251554927054e+00
4.985078573288501680e-01
-3.646035229060053506e+00
-4.182239774115359410e-04
1.031663052510022993e+01
5.903352891116764312e-04
-1.313623655188477457e+00
-1.880526698106343986e-03
3.721898227054512009e+00
-5.215254186888178545e+00
9.733793918006366397e+00
5.011496580287500890e+00
3.697229496111065217e-01
1.167782562421197934e+00
1.346459073119810057e-03
-3.628611601779030416e+00
3.257111428626290550e+00
5.592898777851931236e+00
-1.653653236076274569e-01
1.460622913982412285e-04
2.856470610375083652e-04
4.527126478752954597e+00
-1.275226043369428908e+00
1.014158759296873491e+01
3.854438626928188949e+00
1.320493625038875507e+01
-2.265823508273534515e-03
-7.479363845205990735e+00
-8.863606736694238819e+00
-8.077765489934920495e-01
4.750447273884628174e-04
4.411989742694799155e+00
-9.606539349033937469e+00
9.835263790460846423e-04
4.755593439673688749e-04
5.704577374373576149e-04
7.994289212036918002e+00
-8.052506501978751174e-04
-1.468263354009394028e+01
-4.989037428635434424e-04
-8.823366269533435613e+00
9.056114415130744888e+00
-2.412548379655543584e-04
1.377036024628661792e+01
7.772057982875777427e+00
-2.815847154158390708e-05
-4.270604771012844303e+00
5.324043998191640981e-04
1.128417659059887512e+01
3.037708338512518758e+00
8.638098955243224353e+00
-9.928149505503176542e-01
7.917457525092164161e-02
7.599015825043853312e-04
9.763214717718977198e+00
4.037889109687762712e+00
-8.120146165928399107e-01
-1.318576857503486188e+00
1.637823264332201934e+00
2.546129612052226321e+00
8.962787513611125689e-04
1.119151912907903679e+01
5.393129015255682113e+00
-6.900864899427316956e-04
1.547259818007518106e-03
4.257447848399968038e+00
-1.091375815493749002e+01
-8.253525351749019023e+00
-6.872676815283667473e+00
-1.023257958406298407e-03
-1.741861387418268903e+00
-1.181567829827940486e+01
-1.649167540775264840e-03
-4.878651378659171201e-06
1.786976228065340067e-04
-2.125172410053499661e-04
-4.643670381898612476e-04
5.334292936290642828e+00
-3.015236209183571159e+00
2.011088754679385637e+00
-7.652948180186802674e-05
-1.090776087694145247e-03
7.310794174712460070e+00
-6.272874851186294620e+00
9.178806912005589069e+00
1.603820829721325225e-03
1.862036245594556050e-04
1.095710276924233284e-03
-4.998743977647831294e+00
1.634138641990467988e-04
-1.279412554000155566e+01
-6.268856058765019945e-01
7.059550907009958465e+00
-3.547324945781975103e+00
-3.191075069375326478e-05
3.761268580479105950e+00
-8.556716204519299040e-02
-1.151524203527918289e+01
8.993453321300913572e+00
1.031793111792091544e+00
4.437003143717353382e+00
-8.241994086066739555e-05
-3.312234721294937678e-04
3.019443691828760379e+00
1.158011869759614676e+00
-6.724720112384838799e+00
4.392092206999542725e-04
7.535467962812038678e+00
-5.886780333641539187e-05
2.301828162143415568e-04
8.893796311349484895e+00
7.423596723687564847e+00
3.501812469666187866e-04
8.704394307187305557e+00
7.367286065684912622e+00
-6.511425768631617927e-04
-7.359124371143489718e+00
5.813690176023067480e-04
6.244324862702749002e+00
-3.561224837522747322e-04
1.216157324497868508e-04
1.428512746297726510e+00
-2.479796099709915769e+00
3.508391843218827688e-04
8.930183648633758242e-01
5.673278428864977130e+00
-1.468950404901470108e-04
-6.639425353344163838e-04
9.768198714266633775e-01
2.022435752391077646e+00
3.910241340366792939e-01
-2.753035014088078825e-04
-5.896830911627187533e+00
-4.347656937710997482e-04
-5.264111385702849866e-01
1.700784659415851330e+00
-1.302864593461251630e+01
9.764499386726683827e-01
-1.199440043972794534e+01
2.525786887850860030e+00
1.417804496699200945e-01
5.341701075773919172e-04
-3.323624748836239817e+00
8.292698650900764079e+00
-6.585415046349805124e+00
5.401946669233992360e-05
1.588662662899496425e+00
3.421967987824333868e+00
-3.813117443602125789e+00
8.608402990932065180e+00
9.213364654491973837e+00
4.666251590426030660e+00
3.425657874342458165e-04
9.300401135006758579e+00
-1.292188978828657397e+01
-6.581176493280218587e+00
-1.024276472075468725e+01
2.705210706655238884e-01
-8.150214345797879290e-05
-1.278824783033590151e+01
5.567826586795557198e+00
-6.523318756950482467e+00
4.981186853729579589e+00
8.394001111493576417e-04
4.981983132558087668e+00
-2.516373920031789169e-04
-3.275960799029637105e+00
8.292096426970038792e+00
1.206471759819638390e-03
-3.661371713577679543e+00
2.085866199767249185e+00
7.299557882458038272e+00
-1.274085095045135452e+00
2.022787028662749620e+00
1.614360375137128489e+00
-3.825779348563234983e+00
9.163242505985935704e-04
2.481503376208332945e+00
1.109490815915684969e+01
-6.575019752239882997e+00
-4.211922648590778806e+00
3.398722569699769380e+00
-4.531725846998735374e-04
6.624299123204632878e+00
-9.034230009537310480e+00
-3.040905190294322047e+00
-6.142231421171874262e-01
-1.511289391574521801e-03
1.018438482632230091e+01
1.130430824704474801e+01
-7.563933279820144406e+00
9.874425591024453830e-01
-6.607483029608118841e-05
-8.918934710415715728e-04
-1.400978726016743892e-03
-3.472135095810013894e-04
-1.196953126480754825e+01
2.547184343704709253e+00
-7.923334143409435093e+00
-9.601742551030888251e+00
1.685829652384729371e-04
4.852070993619506112e-04
1.724673375897424421e+00
2.323104461748296323e+00
6.390680372558854572e-05
1.499111548980513575e+01
1.481380209754808330e+00
8.279582784989081290e-04
-3.262315016017147684e-04
-7.899411025194165603e+00
7.494070942078391084e+00
8.495609570060352667e+00
-1.006646637738860406e+01
1.640161157672362258e+00
2.453810008658452446e+00
-9.560861889927330104e-04
1.549008600973672767e+00
2.269622568893498449e-01
8.556306131868655740e+00
5.531397345718835901e-04
-3.482653431974119140e+00
-5.818425728831844168e-05
-1.787644264543905015e+00
-1.031741731500200920e+01
-1.253243434398143563e-04
1.166837534155584777e-03
-5.644969691320962379e-01
-9.359285275076447697e-01
-1.339794210088562920e-03
-1.275186652902024598e+01
-8.633545901687504909e+00
-7.845977926663749713e-04
-9.234510932994243859e+00
-5.062885122541636918e+00
-1.870429768726644681e-04
-5.665986332226147226e-04
9.560203589827976245e+00
-2.923848321184626009e+00
6.476369252802937737e+00
6.230384851941004332e-01
-5.130347181977251481e+00
1.531091044208414687e+00
3.270115635026425771e+00
4.409096518948222299e-01
-1.459223882830834818e+00
1.329009690658189413e-04
-3.249086808203571763e-04
-4.898483047297101045e+00
6.532524341080517161e+00
4.393894630342083385e-01
-5.237586917268488129e+00
-1.719953757744701051e-01
4.384795400746156702e+00
-5.492367308759687816e+00
-3.564758291953547431e+00
7.064494606042453384e+00
-2.222991027798570940e+00
-2.333117649031119178e+00
-5.199309899364842558e+00
5.631870661091387120e-04
1.096558877990181813e+01
-8.080410433139512349e+00
8.329595189877229799e+00
-1.778945143479009516e+01
5.522734434914428725e+00
2.703803698045348369e-04
4.877241278024024851e-04
-8.970589011785959244e+00
2.013259967011574503e+00
7.695198309390416824e+00
5.711888939456391867e+00
2.297286628866836544e+00
-7.906675376527227961e-04
4.665042383773521095e-04
5.557224354272975120e+00
-8.445777854756972403e+00
-8.490867751128448049e+00
4.585352760453123899e+00
-1.156284542831065298e-03
-1.670514139435734569e+00
-8.124334854383674198e+00
-8.463120206366390619e+00
8.314334793314884564e+00
-2.865208106068539706e-02
-4.750531747954589434e-04
-3.701334224934472061e+00
-4.347017989784322189e+00
3.967615486771270739e+00
7.936934732329127939e+00
-1.146249547741320818e+00
4.960644943201306667e+00
1.539484991587561247e+00
-2.609655582764770720e+00
-2.536557946000161934e-04
5.476646805549679087e+00
3.211215361881673225e+00
-7.583232073611057000e-04
-6.526971744317302537e+00
-2.648052015103985468e-04
-5.635724946899203225e+00
1.813258845592136126e-04
3.900676453301166191e-04
6.097524618339233982e-04
-4.284052070191446404e-04
-6.332017877496148195e+00
3.713323924177669433e-04
-5.848316913363380998e+00
2.828139052996271108e+00
-8.156471269514169009e+00
8.170866058731546033e+00
1.099761929804765614e-03
5.248541318931820854e-04
1.334233375291610102e+01
3.910490380132358723e-05
3.120572653290826226e-04
1.132624985428890341e+00
2.966662229857343291e+00
-5.270612248459702442e+00
-4.249475542051597721e+00
3.218869877505063926e+00
3.485435984623697081e-04
1.404041254436251407e+01
5.799112842266852752e+00
4.624377377754342433e+00
3.913928646756155150e-01
-8.430786410911810691e+00
5.328898738291565351e-04
1.120873363355144647e+01
-1.485019035106694307e+00
-3.808547565843541260e+00
-3.389312559974951178e+00
7.845964872007956670e-01
-3.149017555790223355e-04
6.152351882582340892e-04
-7.933205419572981754e+00
3.225413194007475948e+00
2.098965309538236568e-04
-5.190228093301094248e+00
-6.939356075030822524e-05
2.836264236492080926e-04
8.488967954170057340e+00
-3.843474407345305988e+00
9.588806432376031808e+00
-3.004206791633301954e+00
-1.161493280907241754e+01
-4.673692770091091298e+00
-5.995200242958631520e-05
9.362434608305699513e+00
1.745708893427713626e+00
1.676434473934087066e+00
-4.924212321019364680e+00
-4.033731822749118123e+00
3.043472565613658531e-04
-6.831767800827512005e+00
-9.417394577510560083e+00
2.861289342726526908e+00
3.104211827084916386e+00
-5.843739082257326523e+00
7.656162210310545113e+00
9.798495739617521849e+00
-7.611241860278061822e-04
-8.024205224799567659e+00
-3.339605236447362735e+00
1.204922924165717824e+01
-1.108828918049739443e+01
-2.966091011666336374e+00
8.813067490349146382e+00
4.065236746546574409e-04
-2.672562558145199940e+00
-4.204246331507233592e+00
-4.592649715579655734e+00
6.579489775527379791e+00
-2.045502637611517294e+00
3.394840818845998864e+00
6.561008717107837285e+00
8.149036766536554843e-04
1.520521132774697026e+00
-4.804978055466535558e-04
-3.501676713399959340e-04
4.706107642127234647e-01
-6.301676344204341085e-01
-6.104224108036596874e+00
-6.950687743076350067e+00
-7.294897751164148403e+00
5.534158574582976442e+00
6.262240448669030179e+00
-2.268950316241677978e+00
5.570462677122467454e-04
-1.038285413091075959e+01
9.703633039057635301e-04
-8.285833180933325437e+00
9.076918640098888602e+00
9.701740818865434157e-06
5.645594320778667630e+00
5.373881750767028898e-04
-1.835339136134872540e-03
5.988362408323324004e+00
-7.827553969448897142e-04
-3.041026535433821287e+00
-6.768160487796095026e+00
8.987135624063240513e+00
-1.328864074112701132e-05
3.743070482947446376e+00
2.012687635764411009e+00
3.147789857230542943e-01
-1.541231445345854434e+00
3.556071093058771559e+00
6.111228149594388759e-04
1.832086699053769863e-03
-2.554548135333031045e+00
-6.215870170587223242e-04
-7.489049897627109154e-04
8.012513247734887045e-05
-3.380517457118870084e-04
-1.827076895444257332e-04
1.982314256598893820e-04
4.377625390979433817e+00
1.156126543174242727e+01
3.321530451442789023e+00
-8.568824077471422385e+00
3.499277217003778695e+00
5.112915796787742551e-04
-4.782713240462113546e+00
-2.322305165245288183e+00
2.578160932763488233e+00
-8.018107119536539429e+00
-9.324702213435008602e+00
2.047082503583673940e+00
6.498214628939402715e-04
2.503182002097717795e+00
4.937129105435938747e+00
-6.626942735293970266e+00
5.483788340631834402e+00
-2.100194548079438839e+00
-2.300569291906473524e-04
3.516078157839085394e-01
2.919636018962605828e+00
9.995031089164996274e-04
1.298009031696079063e-04
-2.097253517137076528e-04
6.420839801595832341e+00
2.667070966246771757e+00
-9.849222254912547214e+00
-1.156470394399557833e+01
-7.936688281558575753e+00
6.740428495936600761e+00
9.937432165283306418e+00
-1.348453997352163203e+00
2.939714095462342414e-04
5.235274408221107789e-04
5.446051042597712666e+00
5.403443213533936529e+00
-6.337758393373558619e+00
-8.325170325251185943e+00
-4.746909129505342273e-01
1.564644127157510667e-03
6.392190492521265810e-05
1.012600978346489544e-04
-2.337906199076093205e+00
8.307825005018365516e-04
1.077258525952194290e+00
7.909345666270289676e+00
7.331352828071624472e-05
-1.653221951232825004e-03
-5.707490303772730478e+00
-1.025884391297341658e+01
8.361530030660835777e+00
4.406767854228110792e-04
2.917480334984088319e+00
3.852129277369474636e+00
3.915911162566844350e+00
1.246067905352875371e+01
-6.985036945672540298e-04
4.325461574180211599e-01
-3.967451056022218037e+00
9.263992906042295417e-04
-8.101781850201637880e+00
8.807066165017861437e+00
-1.048125626029001900e+01
-1.006357440397196967e+01
-1.374147793542501717e-05
3.965687377727178387e-04
6.844628062440157201e+00
1.725807058587887632e-01
9.289075747847951092e+00
1.487513163788172665e+00
-3.462757652893888149e+00
6.813221229088417097e+00
8.389655391284740915e+00
-6.723701619181096767e+00
-9.636658359544579611e+00
-7.338458303872353206e+00
-1.837470381797638108e+00
6.624903041134722059e-04
-6.892893930821042403e-04
1.050070979584300845e+00
