-1.184138849613369349e+00
7.138308989780031588e+00
-8.356294202716490815e+00
-2.144017273945136637e+00
-3.443645399267956542e+00
4.420745840470280186e+00
4.496801369035210882e+00
2.072847395875031751e+00
2.051140615435812720e+00
-2.854224104262908845e+00
-2.186205970821505140e+00
-9.943661518274558020e+00
3.728309482041010980e+00
3.764443109740880811e+00
-1.073601296022302165e+01
-6.759530624830927259e+00
-9.025322768104476978e+00
-1.120747357898716601e+01
-1.819498198792573795e+00
3.214900742791793942e+00
-7.104613890735431703e+00
5.364358824963735728e+00
4.071363642856829834e+00
-8.332261325878686620e+00
8.596903066552627593e+00
6.953047838850267226e+00
1.639136507619752692e+01
-3.961005999052623405e+00
-6.571806184354693769e+00
4.732073601948568076e+00
-7.012577400531728955e+00
6.096475390050118293e+00
5.972724894309441979e+00
-8.238968793341500785e+00
-1.461575270574781626e+01
-1.670555804884162043e+01
-1.514967457929905059e+00
7.776378674743764208e+00
-7.014382549750241225e+00
-1.377992590722866240e+01
-4.702880431227963953e+00
-3.430432119973309657e+00
-4.653796764111998385e+00
8.914934842149580874e+00
6.484957618387545253e+00
-4.337863193251593197e-01
-1.017304789808998677e+01
-5.924821618420296865e+00
1.247494215770431225e+01
6.369253238033961040e+00
9.165631389805710683e+00
6.646667583239055155e+00
1.219651728808230118e+01
7.931423079276092025e-01
-7.354565860564421520e+00
5.254612789911472071e+00
-8.960293846031937903e+00
-6.020287599380496957e+00
-4.106109767412936762e+00
5.229285037459007413e+00
-4.663166700401047748e+00
7.504650382035156220e-01
-3.764689389180968959e+00
-4.011518428935954006e+00
5.800397133233547109e+00
-2.525866246913577307e+00
-3.032432883912624888e+00
5.279712046205630172e-01
-1.235734884218997998e+01
1.351388063497345016e+01
-8.778017352393398198e+00
5.064023830844328167e+00
3.384237901201899490e+00
-6.391026805307520320e-01
-1.089036044751978682e+00
1.373089710202952496e+01
-1.217824090802561976e+01
-1.115172998831388718e+01
-4.080482320721770861e+00
-8.907197566522999210e+00
-7.623980903292729039e+00
6.447793895474273285e+00
1.794542060067254585e+00
1.046183599948445320e+01
-3.581857285087475695e+00
-6.643812123898441335e+00
-9.634588803790755662e-01
-1.102179215118999700e+01
4.521541184015143600e+00
2.236557207713152362e+00
1.216153460514617102e+01
-4.923454111550828571e+00
2.414528830405516580e+00
7.754755451557243440e+00
3.973192590560525872e+00
-9.012719649456194304e+00
6.878554076248049043e+00
-8.371277987068587834e+00
2.999436638648765641e+00
-1.115035344466783940e+01
-1.386328567029762926e+00
1.037061095451322190e+00
-2.888669631460851317e+00
-5.576860516471738194e+00
1.513798752941002412e+00
-4.652056420823983629e+00
-2.534655662566823953e+00
-1.348803859728568710e+01
-5.060284713082722874e+00
6.259464357521105526e+00
1.104757745488786114e+01
-4.603117326416072075e+00
-2.148542518461987960e+00
9.988410511401269787e+00
1.115540864983861624e+01
4.171927261287135202e+00
-3.185188375505405567e+00
6.305634729225516821e+00
7.298346988896884824e+00
5.629190573640856954e+00
4.953819504060896772e-01
2.968823904430178295e+00
5.565182742635395030e+00
-2.131147096384750306e+00
-4.634678055924878137e+00
-9.234645314294343876e+00
-1.399245871898578297e+00
7.968349953599533464e+00
3.805018299166453843e+00
-3.783718193087405091e+00
-4.201960004272278226e+00
-1.907476757423154368e-02
1.202885551539410969e+01
-1.565451825819895504e+01
3.753369347029841263e-01
-6.449401458689143496e+00
-4.871062626496678760e+00
-9.999845558891248487e+00
8.508299411609433704e+00
-3.761862433012858276e+00
-6.289386228167448856e+00
1.274722766876741886e+01
-8.025196182357731800e+00
1.014720451445158744e+01
-3.432525167288906776e+00
4.713229881103883301e+00
-5.358433324452354540e+00
5.220806194016288870e+00
-1.808338870625517458e+00
4.327418145844784014e+00
-5.420535198592588699e+00
-1.622746992804598332e+00
-2.979302018386142947e+00
7.884962690344456959e-01
-3.326094642494026310e-01
-4.170231358585994919e+00
-1.137069237015579937e+01
1.343055243930569631e+01
2.772101440133882821e+00
2.339848635326548631e+00
-2.163979614427276488e+00
-7.704870694358850969e+00
9.925078561457585380e+00
-8.863576630295405323e+00
-2.208825505198541261e+00
6.452253379902748165e+00
9.797723832899974283e+00
-1.115314948582106602e+01
-6.068883558978392934e-01
1.023767925854442495e+01
9.856122221136706330e+00
-5.549532264530142811e+00
-4.911489785064859781e-02
4.239027499103859009e-01
-2.767663788093011501e+00
-6.773849912004476614e+00
1.009011855667226953e+00
-3.913912707936114455e+00
-5.291299964548112911e-01
1.199749401998286658e+01
-5.655928551252570102e+00
8.044445718322272398e+00
7.965872112828799700e+00
-9.579053011525695993e+00
-7.921289039113712960e+00
1.748132431502284589e+00
-1.375091248344859984e+01
3.684801840444251297e+00
8.176881287198026982e+00
-2.822994024187458262e+00
-3.065706528287510668e+00
-5.503053313198519980e+00
2.624006349698892571e+00
4.098481605505562619e+00
-4.332632597570338362e+00
3.343716379725634180e+00
7.694985834318313955e+00
1.122366711195303068e+00
-1.492737135578561691e+00
7.257358808522978322e+00
1.804866046084005582e+00
1.230485537734266543e+01
-3.209188492092858613e+00
2.930223323139283576e+00
-4.342504105740571774e+00
-4.823481268602393790e+00
-3.435697670784881197e+00
-5.090536330751771033e+00
-6.810309615933128669e+00
4.317298597258357518e+00
-5.010276610567629518e+00
4.914434674583889162e+00
1.103503845350738644e+00
4.490071349034169934e+00
6.639802579600670995e+00
1.095620364133541358e+01
1.025131336015571470e+01
4.818065589849546804e+00
1.365608704484104052e+01
4.569386197668665162e+00
-1.157477681472389719e-01
-4.777785043723164371e+00
5.418781076916112660e-01
-7.756552068771835451e+00
-3.316554903486095274e+00
-5.765626542880755601e+00
4.588859001845809971e+00
3.184571928060494717e+00
5.637084076136140709e+00
8.424473424572104463e+00
-1.293252986001050875e+00
1.059742568177096622e+01
-2.438983085900398251e+00
3.489182565694415317e+00
-2.608979384406544089e+00
7.202738926503965189e+00
-1.934845848294636461e+00
1.145930585290548542e+01
2.352055009550933384e+00
5.674030726810879166e+00
-4.766219078592897063e-01
-6.990190502507886094e+00
1.243620681588807031e+01
-1.060501886947066708e-01
-4.934928490191413886e+00
-5.696703474124982236e+00
-2.735359188169510070e+00
-3.027831490053573216e+00
-3.159311598966663581e+00
-9.999218720969395235e+00
3.146949782575768406e+00
4.865004223022078023e-01
-1.005457153761049938e+01
8.684399394120582372e+00
8.708840771234260814e+00
-1.627094711472272692e+01
1.064809347168834108e+01
-2.235514533044113961e+00
-8.204595414354521665e+00
-3.431983571840069303e-01
-7.160189194355529807e+00
1.068002983839518194e+00
-2.821356668128403022e+00
2.895005138899141794e+00
1.788971310027346107e+00
6.449909719063921187e+00
9.429609039803340531e-01
-4.534747825279962008e+00
-1.459462557447839259e+00
-7.153302170361561352e+00
8.901533331085342837e-01
-7.131112097241947723e+00
1.079503079319774450e+01
1.141235105327906751e+01
9.792397429971281042e+00
7.124438656628801603e+00
-1.905737496969168721e+00
-8.454859419399147313e+00
-5.914410457595924875e+00
9.772568122045877104e-02
-7.859847137638842796e+00
1.791242694164352889e+00
5.090042982772665425e+00
-6.995498207480860486e+00
5.398009819423704059e+00
-1.073575579899556587e+01
8.541304696100279870e+00
-7.046304482231085409e+00
1.025462850492676381e+00
8.834880216752523552e+00
-2.193423129239208347e+00
7.332394021834273801e+00
-1.101182738829268359e+01
-3.074423326417859315e+00
5.061473305083650231e+00
-8.203613921712749502e+00
-6.840628262685024552e+00
-8.955914925438115404e+00
-4.871675764431333988e+00
9.754929869601669523e+00
-4.495527726429783266e-01
5.735925523103110102e+00
7.760608108421267914e+00
-1.137505073906654829e+01
7.066653630827254062e+00
7.923076164979809377e+00
3.407922761252290655e+00
6.295697603643372275e+00
-7.077332199611436003e+00
-5.090900798058409116e+00
7.949901385622927030e+00
3.753992280421580841e-01
-1.527137956199973168e+00
-7.911854859520864203e+00
-5.624572273001793299e-01
-2.721241318572940493e+00
1.046520307618432710e+01
1.655594914623145897e+00
7.646440403905103267e+00
-2.724453353735660777e-01
-4.247107440811518586e+00
-3.195281303181000787e+00
8.216028594401491247e+00
3.025956073801026491e+00
-1.625494260184323636e+00
-6.878290375782853960e-01
-2.100044882155983839e+00
-2.740514935871614099e+00
3.214710807100140233e+00
6.879897422813368024e-01
-7.555963762498303815e+00
2.382932119216766065e+00
-3.717682438877244699e+00
7.280846201304161269e+00
2.556682267112375229e+00
-3.096891650234102844e+00
3.235714281844069617e+00
2.956648277539448699e+00
1.171690238680566321e+00
-3.468283049726224476e+00
-5.838076162441231176e+00
-1.498387032639947991e+00
-3.609809169565025844e+00
-8.607439678122652538e-01
-2.681192036703720305e+00
-5.363508446657201389e-01
4.290113390900598844e+00
4.043712586523355412e+00
1.067916802368551288e+01
-6.653131064017934193e+00
1.021721680526754383e+00
-5.147233899704335869e+00
-8.398514583422178603e+00
2.168671426242378075e+00
6.665279807452702876e+00
1.073683114481447021e+01
2.030840692364925815e+00
-4.189686870437300925e+00
-1.037025281726002213e+01
2.083247226577108258e+00
4.683789430962297828e+00
-9.396123987627188257e+00
-5.111367109070041437e+00
-1.522294289535727074e+01
-1.264141769913522673e+00
-1.171720690231740747e+00
1.750709939506870150e+00
1.200886875359884343e+01
-2.237608878434615534e+00
6.653941426697784323e+00
6.216279918797296133e+00
3.871269887053451875e+00
-1.508271495180806721e+00
9.057172752208773048e+00
-7.035331259793959902e+00
-2.779245729284816946e+00
6.912880784916560550e+00
-5.549120499021677588e+00
8.133195460630782136e+00
-6.836430502892354433e+00
-1.012642659758673247e+01
-3.861014744249719577e+00
3.145633419991646029e+00
-1.112300430082355795e+01
7.587396803567905579e+00
-1.835923437825063509e+00
-4.145189599663016367e+00
-6.460372140032143662e+00
-7.265971130136109402e+00
2.422235569655474818e-01
-3.526660177978137245e+00
-9.889365896296073544e+00
-1.056197281128849585e+00
-1.042856847799226294e+01
-1.453770510780006298e+00
-9.999151378015273650e+00
1.101533948091239878e+01
4.498675143195715265e+00
6.951377871729266467e+00
5.621067887014396192e+00
6.011465497905033040e+00
-4.968218072028318666e+00
-3.003178651588072068e+00
-8.283061128338633949e+00
8.297103673925782630e+00
-3.257425610543303929e+00
-8.539978362545468382e-01
8.471399485986942368e-01
5.810136186269615699e+00
-3.268973296857154320e+00
-1.138642916813981465e+01
2.261769700085152657e+00
-3.307767709612455143e+00
5.000128548072904522e+00
-1.620370994136184351e+00
1.012904803592204317e+01
7.203598465354400737e+00
-3.710645175852480993e+00
1.989323706338614883e+00
-1.974911465777854147e+00
-1.827426194321419617e+00
8.291567415753112513e+00
-8.956335505927839336e+00
1.282914468271395325e+00
-1.930848924202867023e-01
2.127510064917468746e+00
-8.178727165782282427e+00
8.367331422911298944e+00
-3.219783922407344789e+00
-5.022375905981624200e-02
8.106681031339199039e-01
-3.195384311801243715e+00
5.519792992628025807e+00
-1.001364089352654041e+01
8.160497835119313592e+00
1.589166744843533152e+00
-7.071778158143544601e+00
-9.919586733837153503e+00
5.389587055825518114e+00
5.850950680148831573e+00
-3.225914972522982982e+00
7.016472109812633917e+00
-9.676838796105633023e+00
8.854370407522176301e-01
-9.894202173908407616e+00
-3.828947535260330604e+00
8.282893394523862085e+00
-1.697895132061560286e+00
-6.665511807690367441e+00
1.021069202882943294e+01
1.658262687539608260e+00
-2.009762668949167441e+00
1.170600990195053148e+00
-9.755485063092125486e+00
-1.685117753838285104e+00
1.296567496981110956e+00
2.955314635925036626e+00
-6.754114625222557677e+00
6.821919415790103081e+00
1.051493937626366559e+00
9.281807281709681945e-01
-5.571328973211837621e-01
8.132949459716249052e+00
1.134164449540570985e+01
5.588916636799640791e+00
-1.510489215134975005e+01
-4.748144993653268031e+00
-9.199777488827920457e-01
-3.322121974464396832e+00
-3.900461466301086144e-01
-3.217515291743947792e+00
2.521545465254263263e+00
-4.997579435398359138e+00
1.686328463230074703e+01
4.593005173749750369e+00
-1.066807622293495683e+01
8.622122790268534231e+00
-1.649026113587250819e+00
-4.387921273214137052e+00
-7.317586640769238038e+00
-3.883363671248921900e+00
-7.150892677414685927e+00
-1.089118149162968452e+00
-4.053242264162026487e+00
-4.432531198598937294e+00
-6.089079519827059528e+00
-8.718904697150478000e-01
-4.942726590076589765e+00
3.814159125772880632e+00
6.317427482822317586e+00
2.975035151258091926e+00
-4.949105195086588971e+00
-2.632724120984970995e+00
1.209369271466826934e+00
7.005649133711807641e-01
2.231606780975181614e+00
-4.441347654656134125e+00
-8.003987773521888727e+00
-1.302276843719812893e+00
-7.852814033926660997e+00
5.132630425903177418e+00
-7.177224970642787083e-02
1.337366346376069659e+00
3.378127278381189758e+00
-8.214996232054366132e+00
4.982232848281022974e-01
-3.644913185028005653e+00
-7.224631988377645087e+00
1.031648960634094969e+01
5.529028336900063678e+00
-1.314364512269078133e+00
2.468806840042018003e+00
3.720650692513516766e+00
-5.215423195257489652e+00
9.733622364713149011e+00
5.012028023095893126e+00
3.706902798897748763e-01
1.168070745851386150e+00
-3.007838885257350547e+00
-3.628286601354588470e+00
3.257338252066232176e+00
5.593377268046753059e+00
-1.654013685818633839e-01
-8.028801507199266885e-01
-9.290858527307821468e-01
4.528115013186233995e+00
-1.275759403108459145e+00
1.014150986837755930e+01
3.854642412349721603e+00
1.320553548539943911e+01
-5.050012718845668047e+00
-7.480293683907436098e+00
-8.864286312895654163e+00
-8.078803276042392234e-01
3.807113280649188081e-01
4.412567377576434247e+00
-9.606659775284938974e+00
-1.258119980529036575e+01
-2.637163969344562542e+00
-8.906675388594457843e+00
7.994319294065797443e+00
-3.252131158982286330e+00
-1.468258166135063547e+01
1.349156093355591324e+01
-8.823480551995974253e+00
9.055989242958947472e+00
-1.484377857799795031e+00
1.376975791429854112e+01
7.771307151054762663e+00
1.577025489667227554e-01
-4.270467226713757114e+00
-8.629313931838582974e+00
1.128331475641624237e+01
3.037091200835195348e+00
8.638279826594452260e+00
-9.931188317156443013e-01
7.933419130880103864e-02
-9.966886560920370286e+00
9.762782869344857062e+00
4.038895050814936383e+00
-8.106596310176015230e-01
-1.318578240710768901e+00
1.638136809073942324e+00
2.545463852984568121e+00
3.371969757668260570e-01
1.119130772383896044e+01
5.393129058611634719e+00
-5.678899973710311855e+00
-2.315455817147439532e+00
4.258407172900122717e+00
-1.091433591160424399e+01
-8.253190079126241585e+00
-6.871524233659785708e+00
6.765997073193765310e+00
-1.741417128258842650e+00
-1.181607531593664540e+01
5.396593904330112323e+00
-8.638465557769990255e+00
-8.510201555991677935e+00
-1.066490830256596212e+01
-4.967079745585433415e+00
5.334363064106801389e+00
-3.015042271609952085e+00
2.010724232579927051e+00
1.886045631256966226e+00
5.430656638252946422e-01
7.310064232716166899e+00
-6.272966939446831702e+00
9.179734926247546056e+00
8.108199867536612260e+00
-6.789346943762895492e+00
6.412040294341648128e+00
-4.998617807574249561e+00
1.105460655319499708e+01
-1.279394998763727287e+01
-6.262291166347195848e-01
7.059293541750118806e+00
-3.547949268231515241e+00
-6.908895971780418144e+00
3.762161561555891875e+00
-8.580333818313867766e-02
-1.151502722315323624e+01
8.993264857237752707e+00
1.032204464750088979e+00
4.436786504865181335e+00
-1.223526342915806531e+01
-1.354290893138877649e+01
3.018685117292711606e+00
1.157360175306751726e+00
-6.723986915813024545e+00
-3.949937529669486747e+00
7.536489544420072129e+00
9.206509567784225467e+00
-8.262338595961029597e+00
8.894791930805052260e+00
7.423610583668677876e+00
7.218989291617612380e+00
8.704989889966697092e+00
7.367247511725930842e+00
2.918203099647802556e-01
-7.359065597015570503e+00
1.618682372908003986e+00
6.244199908831818746e+00
-4.718916494589519672e+00
-4.453375195358601601e+00
1.427432085633263847e+00
-2.479048221758456627e+00
-3.273602009875067331e-01
8.920658148289737355e-01
5.673615936865845200e+00
-3.712826438130220730e+00
8.341975237437029733e+00
9.766893660106499286e-01
2.022613642722545624e+00
3.896446310052401607e-01
-2.561790338552967228e+00
-5.896036550928388742e+00
-4.137219726721529156e+00
-5.258522944894075124e-01
1.700819260543113387e+00
-1.302811531467436090e+01
9.774220377379914115e-01
-1.199447996378719239e+01
2.525367228047608936e+00
1.424432158153461359e-01
2.781512727226759019e+00
-3.323543251500128637e+00
8.293816314894408848e+00
-6.585010693594675502e+00
6.857830651350576012e+00
1.587873298325138904e+00
3.420515392286850975e+00
-3.812828673312539607e+00
8.608320991099880359e+00
9.213556382702446257e+00
4.666471539785254308e+00
-5.258197701727113760e+00
9.300182948478404654e+00
-1.292059775414515954e+01
-6.580042019174806356e+00
-1.024293803950772919e+01
2.709278019877494059e-01
8.500981670259369238e+00
-1.278880385486966276e+01
5.566510656032513715e+00
-6.522864443050850447e+00
4.981876264424494494e+00
-5.464302918279692278e+00
4.982754678893114075e+00
7.656698676706044537e+00
-3.275761740664213661e+00
8.292627822343819233e+00
-1.046158387597184714e+00
-3.663059839240636606e+00
2.086190076799430582e+00
7.299122583538217413e+00
-1.274444937511505671e+00
2.022771797975623009e+00
1.613280089177390630e+00
-3.826169108858471724e+00
9.803301905774683078e+00
2.481926449178368799e+00
1.109444136346363408e+01
-6.576127940470955835e+00
-4.212679759417564895e+00
3.398820664187033991e+00
-1.018874785244273085e+01
6.624540443202534767e+00
-9.035102549048342979e+00
-3.041142711760714157e+00
-6.146329846772571326e-01
-3.044983293551396741e+00
1.018538928415406275e+01
1.130461851107660110e+01
-7.564984395701515041e+00
9.869035022379583078e-01
-1.667595169419679557e+00
-9.050824625717421412e+00
-3.118875050395857329e-01
9.426894500978043823e+00
-1.196960854076760583e+01
2.547384233439353274e+00
-7.923990901606940973e+00
-9.602287994225573442e+00
4.130182630158760748e-01
-9.989417488664972922e+00
1.724604802301856088e+00
2.323499623483593179e+00
-1.741418609602333412e+00
1.499079910669602711e+01
1.481625220837370360e+00
4.631691618902107344e-01
-6.929513821453101130e+00
-7.899072345548486140e+00
7.494311796795670944e+00
8.495776647762429690e+00
-1.006714269921881488e+01
1.640243607297985129e+00
2.453945418343733920e+00
6.039183122667779458e+00
1.548791673459461338e+00
2.268881663373243374e-01
8.556853498777281075e+00
-1.756230109302333808e+00
-3.482157987618052619e+00
4.199131580141562736e+00
-1.788719235497910898e+00
-1.031756468461805554e+01
-4.132056677536677824e+00
5.662620313917646087e+00
-5.655825058629124769e-01
-9.345401232246572931e-01
-9.304066301684610352e+00
-1.275179886162599985e+01
-8.633900565029446028e+00
3.331150222733119115e+00
-9.234311785427264496e+00
-5.063102496071801184e+00
5.913102279466924571e+00
2.004589399721845577e-02
9.559867716287309136e+00
-2.923999082660014626e+00
6.477264541638750650e+00
6.228426505492068443e-01
-5.130727656064636655e+00
1.531958323545135947e+00
3.269996263641217649e+00
4.412733199500298298e-01
-1.458180840009573931e+00
-2.979679136906920434e+00
4.017815701651875848e+00
-4.898984445716564551e+00
6.533483759810637892e+00
4.402532513663950375e-01
-5.237014606579017517e+00
-1.726825783373504564e-01
4.384113803540424570e+00
-5.493562789245489242e+00
-3.564726385733330005e+00
7.064293014409864568e+00
-2.223149587281068928e+00
-2.332917918096413246e+00
-5.198422898866949637e+00
1.549885159473238083e+01
1.096695958435141449e+01
-8.080425355817903110e+00
8.329665533041570313e+00
-1.779012821835071634e+01
5.522910783901855858e+00
-8.990489190040991119e+00
5.055626278543475571e+00
-8.970169270287476238e+00
2.014171974181184321e+00
7.695034028107313517e+00
5.711112525281571095e+00
2.296434555645377795e+00
-6.856344704038377813e+00
-8.359476022708104637e+00
5.558362971274094733e+00
-8.446114883148958086e+00
-8.491371063496167437e+00
4.586136779812414410e+00
-7.709778977652758769e+00
-1.669866098671829890e+00
-8.123869495304422372e+00
-8.463173761726318745e+00
8.314697501972133864e+00
-2.893178782221506040e-02
3.442274344395900854e-01
-3.701412175065838639e+00
-4.347287483244587136e+00
3.967135325842132687e+00
7.936647774970992941e+00
-1.146093526445343347e+00
4.961372691680188574e+00
1.538244581478259487e+00
-2.610183338158563959e+00
2.650968537244921652e+00
5.477526725119698625e+00
3.210797683252529566e+00
4.573307219019497438e+00
-6.526546455338055885e+00
-5.867758146584888479e+00
-5.636149441777719815e+00
-9.906029490017694172e+00
7.125636874588863190e-01
4.822070732878351862e+00
2.889121206735249636e+00
-6.331420689869244889e+00
-6.258293303239659267e+00
-5.847544044092602533e+00
2.828540448323668244e+00
-8.157002129101451615e+00
8.170319582159065064e+00
-1.180287585578178700e+00
6.951311778662038421e+00
1.334298183233283908e+01
-8.457596593106466720e-01
-3.876616059130427949e+00
1.132400457680337702e+00
2.966907456835417456e+00
-5.270800297698338355e+00
-4.249586202917329025e+00
3.218056659593595104e+00
8.325710657379829627e+00
1.403944759574499557e+01
5.800243082423795826e+00
4.624224690863095510e+00
3.904961292655961813e-01
-8.430994560027111007e+00
-1.774339930675413735e+00
1.120977371867030747e+01
-1.485361378226108586e+00
-3.806975651968532937e+00
-3.389383736637466615e+00
7.859074890509742950e-01
3.672835737248802523e+00
2.095196838612632284e+00
-7.932120015092815279e+00
3.224622190075598027e+00
3.061740938170181003e-01
-5.191198760849241367e+00
-3.392089441453936871e+00
-3.796600390123199276e+00
8.489372496641950150e+00
-3.842888712997485356e+00
9.588056876116006322e+00
-3.004135750745282607e+00
-1.161445359712762482e+01
-4.672313274139868966e+00
-5.689108938629715340e+00
9.363291584862611927e+00
1.745139757305626205e+00
1.676192724305744619e+00
-4.924802772940211071e+00
-4.032291293149739886e+00
4.066399202835153659e-01
-6.831958581632177285e+00
-9.416688950135451819e+00
2.861126726453748326e+00
3.105911280212992676e+00
-5.844515261374663595e+00
7.656685104887448468e+00
9.798716372876894454e+00
-9.900891272395558884e-01
-8.023260880897222336e+00
-3.339550167993749152e+00
1.204835820602659346e+01
-1.108862691682826984e+01
-2.965226538449905469e+00
8.812443701879784541e+00
1.532413727031066486e+01
-2.672386246029082812e+00
-4.204634357599317696e+00
-4.593084559539246214e+00
6.579571781069330605e+00
-2.045189012141173990e+00
3.394777899478351735e+00
6.561970709178717165e+00
5.468240560385829951e+00
1.520556011352874659e+00
-2.765563550110761160e+00
1.211507660980957723e+01
4.714378148978188854e-01
-6.307887278662903663e-01
-6.104988775754370600e+00
-6.951600526189487539e+00
-7.294304147490900725e+00
5.535587429338006515e+00
6.262638457763452848e+00
-2.269574166848808972e+00
1.060045065153180843e+01
-1.038403317354463518e+01
8.584248371336649086e+00
-8.286615170300079214e+00
9.077269219181403059e+00
-7.020028265997863670e+00
5.646045004234261810e+00
2.992444726253648213e+00
1.143098313106002806e+01
5.987299541732130415e+00
-6.461629328576206532e+00
-3.041801075563629997e+00
-6.769135695265276809e+00
8.986078162912441769e+00
-3.118100254357934809e+00
3.742456055076041288e+00
2.011608207405831461e+00
3.152876261013854986e-01
-1.541599510818902674e+00
3.555813897991907169e+00
-7.428625997145945625e+00
7.455379289206118365e+00
-2.555042954288157642e+00
9.497536193731940912e+00
-8.926100441904571525e+00
-7.066633856814545922e+00
-1.154505875153815087e+00
-6.970077294024344283e+00
6.447822362658673256e+00
4.377411732275208855e+00
1.156157378967404270e+01
3.321171982375592968e+00
-8.568766277841701751e+00
3.500244484049822802e+00
8.159950781870334069e+00
-4.782597526711613867e+00
-2.322429158554333739e+00
2.578001449978781334e+00
-8.018294621977151593e+00
-9.324077490495795928e+00
2.046765371645182796e+00
-1.919012315554887493e+00
2.503717756975295750e+00
4.937190459583933766e+00
-6.626744625683345546e+00
5.482581094913305364e+00
-2.100241241704392969e+00
1.229914270238968044e+01
3.513100135910356414e-01
2.919461309624498124e+00
-3.979205726337129434e-01
8.432366465564660629e+00
-7.787935332916704922e+00
6.420928677937951967e+00
2.668324097691667340e+00
-9.848567942393479768e+00
-1.156526457101251992e+01
-7.936883607649342309e+00
6.739893189400358864e+00
9.936826269732060624e+00
-1.347951077129807995e+00
-3.865346559094703593e+00
4.973604758810166615e+00
5.446573108360084348e+00
5.403194007212372085e+00
-6.337882281111596683e+00
-8.324343980715186220e+00
-4.738308301999865080e-01
-1.743034621829182118e+00
6.304330724513280693e+00
8.202173855279223602e+00
-2.337933761969754443e+00
1.477060616131141924e+00
1.077678910758973263e+00
7.909377656812405455e+00
3.144748243713202385e+00
3.739789337408991887e+00
-5.707908859594541084e+00
-1.025845965161897944e+01
8.361609370327954593e+00
-9.671784074961298217e+00
2.917446828961156147e+00
3.852057182364171162e+00
3.916219135382858152e+00
1.246124908612796389e+01
-9.358140101479838435e+00
4.323684709978481422e-01
-3.966918917982153125e+00
2.893995033101557368e+00
-8.101007489930912797e+00
8.807316181096759067e+00
-1.048177359028084510e+01
-1.006370201090641814e+01
1.109217047883861085e+01
7.972220129483085671e+00
6.845015513197574286e+00
1.727026719314441738e-01
9.288982747849823696e+00
1.487956420383755418e+00
-3.463913013130474283e+00
6.812930741408988133e+00
8.389950737392137370e+00
-6.723218273219377927e+00
-9.637530739737902863e+00
-7.337632938326726695e+00
-1.837980491834183105e+00
-9.002075950568471541e+00
7.219775809562627433e-01
1.049700447905803635e+00
