-2.527180049723973809e-01
4.619120596509205257e+00
-4.578077527635462829e+00
2.198019778968649973e+00
-4.409950944550889318e+00
5.374821986308051081e+00
-2.751988757605243308e+00
1.901523679218435348e+00
-2.296159834894806906e+00
3.645901232005584802e+00
3.786236135832414362e+00
-7.247565244399291728e+00
-2.172896596298921068e+00
9.532855552045766956e-01
-3.185159936869825792e+00
-7.341698950999308693e+00
-7.714073377586501579e+00
-5.549437118947699865e+00
2.792513108396740051e+00
3.158894991254054929e+00
-1.855104873770294205e+00
6.128051834023580113e+00
5.872341033969608048e+00
-3.888494552588852571e+00
2.305363037826195338e+00
9.760175196869919745e+00
9.736368158523895033e+00
-4.914266890856204384e+00
-9.693654816540618668e+00
2.666158574175323537e+00
-9.050350327929955085e+00
6.557085274758126303e+00
5.113095211909037374e+00
-8.206181557675453320e+00
-8.777269214873676617e+00
-9.342507047072963644e+00
-2.526590958094965700e+00
8.116468159904005830e+00
-7.865594511115423515e+00
-9.954806321809208214e+00
-1.288685152258393529e+00
-2.896230351306461337e+00
-4.766429663839211628e+00
6.201046148049428552e+00
8.995351214864669487e+00
4.967426806912413895e-01
-9.591059518582349952e+00
-4.175357779604378372e+00
9.571640170918932711e+00
7.681274465766005477e+00
4.732768880703071446e+00
6.365451768057695858e+00
8.103340339934376857e+00
-4.470448077021293543e+00
-2.009100152212226931e+00
5.664101240540501792e+00
-1.181832080618828940e+00
-6.484584207396320465e+00
-7.573300466872458614e+00
3.608474959994865117e+00
4.671289537924216972e-02
-3.216041937620777169e+00
-6.176494344951075632e+00
-4.205954800640636648e+00
6.281299686580972264e+00
-1.195251068862084765e+00
-3.385144028651144055e+00
4.737871321383479994e-03
-8.753029652466677746e+00
8.395390655984989792e+00
-8.729293346834239742e+00
5.015790005295526655e+00
5.549231606459077426e-01
-4.982071195698654087e+00
2.907574800998876441e+00
4.485349876332350050e+00
-5.384341798890330821e+00
-9.751874875624535477e+00
-6.611217352340396758e+00
-7.811132366768418933e+00
-3.714601597730327498e+00
4.188333972140272365e+00
2.486231817367109187e+00
9.228995171706991130e+00
-8.824619169213933745e+00
-6.160724648012627647e+00
-3.878897341844115942e+00
-9.996493649741646337e+00
1.637767840739769554e+00
4.822924329293897472e+00
8.551528136787972301e+00
-5.833926523800190722e+00
5.218440852514296679e+00
5.954424829664095142e+00
4.137033770555895273e+00
-3.549683690170207129e+00
9.971839813038322120e+00
-4.107233680195292891e+00
4.906268929232444620e+00
-9.431953195380701871e+00
9.265907738612799704e-01
4.346743465302456144e-01
-5.064045314355933414e+00
-4.906563134057433828e+00
6.010609606670566762e+00
-6.789793645239539543e+00
-3.099195026740002135e+00
-9.223236147916633598e+00
-3.203852519904410556e+00
8.121491054720859637e+00
6.978266216322989379e+00
-6.756927539748572187e+00
-7.691126208109353435e+00
5.159992331045362590e+00
7.615916286848825933e+00
3.601607073896968103e+00
-8.830560047079396568e+00
6.158532892899113875e+00
-2.342112237477012471e+00
7.986458183864147742e+00
1.266299199930285724e+00
8.991274332699774163e+00
5.751332464852067616e+00
-2.326706021469129304e+00
-2.866040085663752457e+00
-7.069682530062646464e+00
1.678604337867479757e-01
9.456028671329686830e+00
4.613496311279135398e+00
2.398282678844051219e+00
-6.880245023420776818e+00
-4.371815597290018118e+00
9.622048496675962070e+00
-9.900876471975246673e+00
5.911927269433725485e-02
-7.454560847925179701e+00
2.117898092984322744e+00
-8.407731345858415750e+00
9.510408794737653437e+00
-5.517624343966165412e+00
-5.504927280584645644e+00
9.118104156492087498e+00
-2.186918782867193656e+00
9.181764488882137698e+00
-1.760037025631211449e+00
3.137267670436887812e+00
-5.180608272039989970e+00
7.824372670181723777e+00
-8.515427628980422270e+00
5.500315372269055203e+00
-7.548209529984193367e+00
-2.272154056380959020e+00
-3.821058310464655605e+00
2.194961585539143556e+00
-2.216795987906827747e+00
-4.550347178181102237e+00
1.471214053505494945e+00
9.911949973429894811e+00
2.380087811955633015e+00
-1.234614011968346858e-01
-1.542991245055663541e+00
-5.976101744253538683e+00
6.126663572538799230e+00
-8.865498160601376298e+00
-1.927934976277381196e+00
7.894104714354948982e+00
8.715768343402714891e+00
-9.299576388069905164e+00
-3.271623977749584355e+00
8.943258650812346389e+00
-5.090430415115339002e-01
-7.789455389866965618e+00
-6.300869381975111594e-01
4.044561131168027401e-01
-5.907068539365447180e+00
-7.762434184303785401e+00
3.130727701386259554e+00
-3.503833124131943144e+00
1.859136448760420279e+00
7.015056930000540092e+00
-9.810336914852232582e+00
2.901787920342810523e+00
3.468438919660975728e+00
-9.580894226332841157e+00
9.477056328591828560e-01
6.043541416744591999e+00
-9.190817331070649132e+00
3.763074049671331522e+00
5.246038388009647946e+00
-3.738266987399305741e+00
-3.795859920433719559e+00
-5.333114776665333068e-01
7.747819346424659415e+00
2.520885717495781719e+00
-7.539842186009799718e-01
3.720983402368496229e-01
9.006352122401079185e+00
-1.492519973055458138e+00
-6.633369948497143120e+00
7.015192575559453303e+00
-4.187278409905383469e+00
8.111562536946806290e+00
-5.684161565506384406e+00
1.971296941191468477e+00
-5.969406619724829000e+00
-5.011895815659894282e+00
-1.826707762232071985e+00
-3.557995828158205143e+00
-9.368816615064250897e+00
4.885975241991163287e+00
-4.385094070208479522e+00
2.334686995661032327e+00
-1.861324310948742067e+00
-1.685009446713600312e+00
6.855609972013652964e+00
7.360883648430100124e+00
8.327293898307498665e+00
2.340286738859534310e+00
9.018453956902661162e+00
4.046557375163942538e+00
3.239718879769482029e+00
-9.809675052796553274e+00
3.144818851005515725e+00
-8.319845039074403203e+00
-2.683396252439487206e+00
-9.818970873130073329e+00
5.318593822022153361e+00
4.842128682984778720e-01
7.756051053445510490e+00
8.710603665265633566e+00
-4.275914363967709519e+00
8.482876120525453700e+00
-7.336483687972226164e+00
5.220291243208182053e+00
-2.156079038565876793e+00
6.274928885854528460e+00
1.482876466659973858e+00
8.895772109557743335e+00
2.982170057062409896e+00
5.836633741313427493e+00
2.619379499013607671e-01
-6.580497915157632605e+00
8.205737727602336662e+00
-1.643556814590318993e-01
-3.826870244790663733e+00
-6.190682125422801718e+00
-2.475498184539399738e+00
-4.187139078371013845e+00
-8.406343855305749457e+00
-5.756415552430905080e+00
5.255137161964867687e+00
3.939592209898918895e+00
-9.797325908831576058e+00
9.097738517720930673e+00
8.195148372862945507e+00
-9.164957399559160223e+00
8.373179736229342751e+00
1.956971605296553562e+00
-8.663643401913102338e+00
5.631653262202682697e+00
-6.531948691678328700e+00
5.099288259012224600e+00
-3.978320021837184584e+00
8.323447047859016124e-01
-2.447575525643106431e+00
7.865029630502377245e+00
3.120464538731066995e-01
-3.550457786235559077e+00
2.551354957917784105e+00
-9.113900997835500561e+00
-4.196285034134121794e+00
-7.090027257803459548e+00
8.434458330819460059e+00
6.732932976041134054e+00
9.348982479120479638e+00
5.595534338117625239e+00
-1.386814319453669953e+00
-9.764069998227791203e+00
-9.697404003458654387e+00
-1.959042933779983287e+00
-6.291801276815263577e+00
3.082282760930624477e+00
4.419577413719256498e+00
-9.474465349852263074e+00
9.379146646041935043e+00
-8.580216005443844551e+00
8.680806975610174447e+00
-3.084532392764596231e+00
-3.128304586383741537e+00
8.606803492848108306e+00
7.811800620295450415e-01
7.681563254030308485e+00
-5.522952907190370908e+00
-2.108649699346305084e+00
3.276405585295641743e+00
-8.178973220227421237e+00
-1.715318283480581130e+00
-7.947980457406229604e+00
-3.487620031240674656e+00
9.632274838239116121e+00
-1.096624355929201045e-01
4.082667317785496408e+00
7.906952458089982372e+00
-5.633990912154185793e+00
5.463085231311007206e+00
7.044171533121300399e+00
-3.728804463497219501e-01
5.130377142330768692e+00
-7.068780847494766206e+00
-4.230192435661184192e+00
5.759883033953967058e+00
1.979277154542049999e+00
-2.994674816840419140e+00
-7.649958130870024853e+00
5.264167283833707245e-01
-4.077759631778992144e+00
5.653323084085361216e+00
-3.988456118787333082e+00
6.933331387208031771e+00
-4.095787075834400603e+00
-8.785352953631067052e+00
-3.412558183493137776e+00
2.897955386426492197e+00
3.606591417251115317e+00
-8.386647410053278406e-01
-2.627216731230950231e+00
-2.764996594744831171e+00
-9.533110394726103110e+00
1.029907941701054597e+00
2.826814741912572870e+00
-5.671354144826827870e+00
2.614502284288075629e+00
-3.455400382600750220e+00
8.227328046406576334e+00
3.725077507118133013e+00
-1.220417086632510362e+00
2.327891469434748117e+00
1.832183786918699653e+00
3.690658757072908358e+00
3.015387997329883163e+00
-4.589171318902094399e+00
-2.017432971212056003e+00
-3.867779797961990340e+00
6.361702025596382981e+00
-3.990185654136944038e+00
-5.019538963642753870e+00
1.999165610522926073e+00
7.989421687154759866e+00
7.903429684530173915e+00
-8.563523324454298091e+00
-5.358596613572885303e+00
-6.483998538732873129e+00
-8.736966736906799369e+00
3.436420915509149410e+00
4.804601424767838580e+00
8.446905927689126514e+00
2.451092522031839138e-01
-3.732112495798263652e+00
-8.590429281490115088e+00
2.460376049137609655e+00
5.155147447580963771e+00
-9.038593780679214262e+00
-2.333830133284990893e-01
-6.522079463127528065e+00
-3.839465889676894506e+00
-4.038422885734509471e+00
-1.381242504835697105e+00
4.305918184212302435e+00
2.695068553495978847e+00
4.025288989788313287e+00
7.297519739821762386e+00
5.094654886144150296e+00
1.226742190502951857e+00
5.065740960908314605e+00
-1.432114913577983373e+00
-7.098232294001435960e+00
6.951855226177784175e+00
-6.440412382558258209e+00
8.882519448489368585e+00
-7.116108782185504467e+00
-8.902092091634767002e+00
-3.514099675951431578e+00
4.957593230155929120e+00
-9.990453850952448533e+00
8.111563689712728120e+00
2.318665024786451312e+00
3.219162221523825806e+00
-6.513104952666434855e+00
-6.850119642006077925e+00
-2.477610285216176322e-01
-3.344141609324315922e+00
-5.223197416202713939e+00
-1.641406421602482624e+00
-8.294234118209562467e+00
-3.007076676052862219e+00
-8.491581993995389155e+00
7.919051075268054518e+00
4.443040119690756740e+00
4.889981326844836218e+00
3.220880292846533877e+00
-7.412300915475888985e-01
-9.921887650023643701e+00
-3.395975072529946459e+00
-9.421665225488183637e+00
8.678714990726358991e+00
-4.543301227018790023e+00
3.332776536704074033e-02
1.052186615303750017e+00
7.793420520938404650e+00
-7.456134694717988509e-01
-9.814203934725414413e+00
2.500180863146784560e+00
-3.658922745116848674e+00
3.792928370872431287e+00
-6.094168992323146128e+00
9.360149668077934138e+00
9.047688629182349729e+00
-1.271882965742769045e+00
3.077951217044002874e+00
-8.894798248397041363e+00
-3.472579286477843752e+00
6.024594386791676470e+00
-7.723148907425255061e+00
-1.533282658721473624e+00
-5.758569442975058905e-01
3.631606849390433212e+00
-7.713346768289170541e+00
8.779043002454834266e+00
-2.178209505424719694e+00
2.315660437113272963e+00
1.794174824079039610e+00
-9.265655124323384229e-01
9.527195957376019209e+00
-9.008278709329600176e+00
8.910974937802048856e+00
-4.529388097281429992e+00
-7.522732410782523971e+00
-7.248861419999359512e+00
3.534575221298297265e+00
4.829405111914709892e+00
-3.938166020388969457e+00
7.996048368047016908e+00
-8.491013315310237175e+00
-1.215077705384580042e+00
-9.506022725190488742e+00
-5.493438381382807378e+00
5.643557083100301242e+00
-2.343029945265431735e+00
-6.977884096214161502e+00
2.140906335755737189e+00
-4.365756266131448626e-02
-2.579215784734724792e+00
2.627192144083638325e+00
-3.500435241521318019e+00
-6.732980966194883621e-01
-4.742322721077279368e+00
9.383196578023262902e-01
-7.833161654576230148e+00
-9.422624446021821143e-02
2.497375377574051925e+00
5.473127532800702966e+00
1.701820707118651299e+00
8.090826862120682250e+00
8.845235330967334164e+00
3.451160590143437901e+00
-8.162295540769386903e+00
-8.316292340512410064e+00
1.434432049954610378e+00
1.941819376879081460e-01
-1.796390375753970758e+00
-1.353185571404431187e+00
5.318358522799391253e+00
-6.058176681410538222e+00
9.819717966144427379e+00
6.796495747924812036e+00
-6.957745331325064342e+00
5.944867991836186860e+00
-2.753324268491825322e+00
-4.328276041712388889e+00
-7.337816300772521672e+00
-4.910829088099588624e+00
-7.043442103774781415e+00
2.988015256630909278e-01
-4.006419256156732445e+00
-1.814845546829547018e+00
-9.784306696636912548e+00
3.197484587424703761e-02
-6.768409425554002823e+00
7.245125848157130122e+00
6.431858268407829371e+00
3.103267231824007766e+00
-2.076301831845414725e+00
-1.534099084780372380e+00
1.777791395604230829e+00
-8.497288252687695831e-02
2.658110124369796878e+00
-4.485639889311398676e+00
-9.591033523918728321e+00
3.520525089176214095e-01
-6.040146749597137266e+00
2.890580026470583874e-01
2.962644923440453937e-01
1.354499567481813216e+00
9.425652568302496093e-01
-8.704180916204540708e+00
3.960636934061216863e+00
-3.142856693849511274e+00
-6.603741839796251512e+00
7.087015550886807347e+00
7.439041663614389677e+00
1.088738517871661315e-01
7.617757526380611210e+00
6.893597070481273903e+00
-3.427350199419061383e+00
8.648273220188812616e+00
5.919755404510592456e+00
1.406601335535647479e+00
-3.206274495778764333e+00
-2.481430147200295977e+00
-8.238366014627940714e+00
1.911489316843352881e+00
2.783123617989847531e+00
-9.314159002047404101e-01
-7.755175017945958871e-01
2.860348891227515011e+00
-1.323139730343363851e+00
-1.613734436977949827e+00
9.170302952752436454e+00
4.145054940430007662e+00
6.645826796713890872e+00
-3.837644434672816018e+00
-8.914891480261555756e+00
-8.110432031871049219e+00
-4.088060048780180367e+00
-1.151404489737736014e+00
4.667482729664747865e+00
-3.658262944918333481e+00
-9.495128520592253096e+00
-5.427377587171415385e+00
-9.487289160913794817e+00
7.141025334385723511e+00
-7.299596494858899831e+00
-9.675072153792708463e+00
4.587320030227669321e+00
-9.762984234823132823e+00
8.062346612672289581e+00
-8.917876515042522101e-02
7.996023282248881259e+00
5.547170540561111807e+00
-3.220565065774307456e+00
-9.412121877438341500e+00
-4.127426587109066958e+00
8.975273724213664650e+00
9.066385260975202698e-01
7.373831941744526830e+00
1.630290497741322397e+00
9.309750713678081269e+00
-5.263971128708901936e+00
9.186361407065316342e+00
7.480163200806497770e+00
-2.611914777863956871e+00
-3.148727398392949794e+00
-3.386680312390984326e+00
1.791663581454727705e-01
4.223843974429794201e+00
7.912765448259722945e+00
7.000547738445916934e+00
-4.070391562361517224e+00
-6.765292898226862306e+00
1.020422150299529207e+00
-9.861124250605374897e+00
-7.219336348319947305e+00
-1.874677961229242129e+00
7.431084243088697860e+00
-2.433614606949858761e+00
-7.684275032521934889e+00
6.454851248294261268e+00
-7.498295667097661266e+00
-8.416717518998467540e+00
-4.267917530154035077e+00
-5.815067265754285231e+00
-2.570339235365719510e+00
1.599565551984483136e-01
1.835008058293364996e+00
2.112765691200582552e+00
5.657987551100571721e+00
3.649446255247044135e+00
-5.512435746305024864e+00
7.102097199523296212e+00
6.664459296851433123e+00
-3.160336603464994454e+00
6.722163448005350261e+00
-2.358725664670711097e+00
8.389863834512496510e+00
-9.714420403386647251e+00
1.848837350064847840e+00
2.475176995428364890e+00
-6.946502739877606913e+00
-3.522006015507677112e+00
6.458818839848017745e+00
8.725607117036890514e+00
-8.006920360672992842e+00
1.051648142282159526e+00
2.052279654268113873e+00
2.726883956989683000e+00
-7.651859415762112704e+00
-8.211688896623162037e+00
3.162090585495018757e+00
-6.192655133167015435e-01
-5.778814142140660692e+00
-1.752769193503230127e+00
8.935674140186339542e+00
8.628450526047227953e+00
-6.765451883661368626e+00
6.919279701887489864e+00
8.965217240723124092e+00
8.340559366782468231e+00
9.253138372662427003e+00
6.776869360363843242e+00
-1.643896116779973937e+00
-8.069702903592585130e+00
6.259284451650337644e-01
5.581130690608064882e+00
-3.285700556750335011e+00
-2.269002121584662746e+00
-2.107005443721554627e-01
-1.207305541577685659e-01
-1.335546394940006820e+00
-2.800503285203435055e+00
6.180106013269536902e+00
-2.884004042717924321e+00
4.602607948677331251e+00
1.647872341400544727e+00
3.079770617734569171e+00
-1.710995052253881710e+00
-2.104360017080326273e+00
-5.815917317476637649e+00
-9.823035986611230896e+00
-4.992907130453920317e+00
-1.278819581229246438e+00
-9.845044619866962776e+00
2.229061657606585811e-01
-6.436064848764779356e+00
-8.995104299031257966e-01
-7.918915840107372262e+00
9.076730216106913218e+00
-4.749924145981747614e-01
7.204051676133541804e+00
1.366842572599066941e+00
-4.329262219693990055e+00
-2.427832542481624500e+00
1.438408607702683639e+00
-1.424677017349875285e+00
8.024614465185464951e+00
9.407526790594648247e+00
1.654512493050111388e+00
-2.353006231544217286e+00
7.858588927139717129e+00
-9.334282651674177700e+00
-5.135093587723078556e+00
-8.076885873886892497e+00
-1.840135333636698789e-01
9.750258609077366856e+00
-9.972321605859846727e+00
7.720760888719194526e+00
-6.106933792552151630e+00
6.757897675685008210e+00
-5.812785476312598121e+00
3.874209499587717431e+00
-1.143174899835006642e+00
-1.538998688282422478e+00
7.041912849667223639e+00
-4.099834893918909984e+00
1.187292696195097363e+00
2.056110649176810412e+00
4.928853527584937666e+00
2.859198285567030595e+00
1.736410863907405400e+00
1.653170233813911594e+00
-1.483346913679097767e+00
8.769425256084243614e+00
8.849744828533811614e+00
6.691848435153346486e+00
-7.370985015947413288e+00
2.332610264723173898e+00
5.005502643111725547e-02
-9.102287387720719991e+00
7.757159143834229553e+00
-9.204986872688646571e+00
-2.487253732274616880e+00
4.384472565148058720e-01
-7.411798141496128700e+00
8.269175928935933229e+00
8.111230001373783693e+00
-9.396299870496541473e+00
1.488032565395329243e+00
3.869791864642406765e+00
-5.440361771587922668e+00
2.614179395309877307e+00
9.317045840960002323e+00
-5.467521070282746365e+00
4.641771090029468638e+00
-8.226459456072138465e+00
-9.322075293749477964e+00
2.238871066048599090e+00
-8.767100072720957371e+00
6.412374796215125627e-01
3.186381306660948098e-01
-2.354053340623889490e+00
9.716639899252481172e+00
1.941495865403936705e+00
-2.073441389085166620e+00
-4.257130281292608842e+00
-6.001771358689794056e+00
3.403538553223393492e+00
6.922927843178726448e+00
-8.283759017127856339e+00
-2.749293887386534685e+00
5.868362709536878441e+00
7.809397088230454642e+00
1.391051750012490373e+00
1.016120186013081295e+00
6.939017390090121751e+00
-5.874809072306524271e+00
-8.839040983186023936e-01
4.541892109880770079e+00
-4.598899907946270460e+00
-6.407471896476380380e+00
-2.130639385140044695e+00
7.832930321857471512e+00
5.419890576961181594e+00
-7.432810740483035694e+00
-7.462625303627787865e+00
-8.928335863947934214e+00
-8.008711634354472864e+00
-2.667775449371340812e+00
-8.815381537064393314e+00
-7.471350865539385211e+00
2.071053483988560373e+00
-2.995316744906233453e-01
9.260524487340614286e+00
1.790405218688722044e-01
1.421145318335931051e+00
-8.932029456515024890e-01
-4.641953242417184988e+00
3.924979370711021431e+00
6.241175507649941778e+00
1.828149818988386244e+00
-5.718152547944477249e-01
1.404749222237708040e+00
4.195018391752752152e+00
-2.280417982409024269e+00
9.244560400955943891e+00
3.898577998397698252e+00
-5.880938498088448263e+00
2.634768875565873358e+00
4.417467956854007838e+00
-8.644588002793074821e+00
-3.769629651357924160e+00
8.554072860768091147e+00
-1.442745952149381949e+00
4.588841377831247570e-01
-2.801064316136403498e+00
9.513097721406584384e+00
9.528994360061840752e+00
1.165709747702816657e+00
5.316978883001940659e+00
-9.377430814865547859e+00
5.998770663898461919e+00
-8.865187797612028575e+00
5.627809908816587381e+00
-9.649030427395405951e+00
1.987252370869224904e+00
6.606146771436065990e+00
2.257005092920699951e+00
4.510490912826075061e-01
-5.583750879121163635e+00
-7.362437754572363602e+00
6.341472299793021961e+00
-8.097161649100140579e+00
-7.747196970146323913e+00
6.729070984190858695e+00
-9.925276801577485486e+00
-2.317024232945730233e-01
-5.521140316546873095e+00
-8.076243315152321856e+00
9.772999707536712322e+00
-2.151817304715965662e+00
4.283712595419331137e-01
7.942881167666691056e-01
-2.695356655809712620e+00
5.012528953536413923e+00
4.244749882926480922e+00
-2.051367805392871446e+00
4.269787823376054448e+00
1.543187833796622499e+00
-5.765992315803649682e+00
3.053027033641120269e+00
6.492278446445499895e+00
8.603781905430409438e+00
1.277124352393197881e+00
-2.203814040306363964e+00
-8.829411696511492380e+00
-9.129203754086754330e+00
-8.274792422999352581e+00
2.636403910095879155e-01
5.602543383414976930e+00
6.665503669430108857e+00
-5.790697723484048431e+00
-1.904106539726875269e-01
-5.071239424848057453e+00
7.410132354770706087e+00
-8.286232289062793299e+00
8.039679475220598448e+00
5.667678393765918088e-02
3.649512754113750646e+00
6.339851534169071101e+00
2.890964020980000271e+00
-6.034714553802622561e-02
-4.286613060718154067e+00
7.403831657046421100e+00
-6.268166754815077013e+00
-2.586245325392617644e+00
4.702323326730828867e+00
4.170387085350624190e+00
7.793068320285009065e+00
8.393441048261795601e+00
6.125324603568408577e+00
2.120022232785901295e+00
-1.625311948456475974e+00
-1.910323628311294542e+00
9.136094018806041106e+00
-1.529918061734763413e+00
-6.295150922235610125e+00
-5.701088965694387056e+00
-9.604926037737051558e-01
4.114185273852289271e+00
3.781342148190805830e+00
-7.300315659591931627e+00
5.572350494398779830e+00
-1.705586143281843547e+00
-4.053536475060017352e+00
-2.463070465777683182e+00
-1.439080481059399119e+00
9.101524962675505037e+00
-7.215370078427127964e+00
3.416688426180192195e+00
-8.869790733543663208e+00
-5.924959975172281901e+00
-5.213378353069355597e+00
-9.772848016709481556e+00
8.304988952234293009e+00
-1.125629761498638359e+00
-1.397530557029835308e+00
-7.482274711057350203e+00
-6.785515600143536830e+00
-2.465521973249522603e+00
5.428088391487442266e-01
-9.023794170718797858e+00
2.955411629866741663e+00
5.400471125278347273e+00
-2.696247200059740834e+00
7.754904182106812982e+00
9.002982878873073247e+00
-4.671934538675834858e-01
-6.362765517746399979e+00
-6.521138570211448382e+00
9.686525892579545882e+00
-7.036984817423171279e+00
-3.106432418640443061e+00
9.290139480193278843e+00
9.496133151249569693e+00
-3.917759332280017048e+00
3.190553356729015633e+00
-3.284755937055461317e-01
1.786755033746247889e+00
-1.374845882305709921e+00
3.967490352925789665e+00
7.629766834662440544e+00
6.373430454643273180e+00
2.116178758081783684e+00
-3.737073977847497730e+00
5.124329813691030466e+00
4.435675683899471977e+00
-4.425813704952830108e-01
-4.377616412507867594e+00
-6.280129764300390605e+00
-1.926119229883562767e+00
1.646893238744262078e+00
7.698173834327985077e+00
-3.786353284511756456e+00
7.456901056789597249e+00
-9.247316120014552610e+00
9.619796180718299894e+00
-9.513985004461408934e+00
8.667616568415439815e+00
-8.357438630582656458e+00
5.479089509413746839e+00
9.988079795834909902e-01
8.384510169723988326e+00
6.843057170403238132e+00
-7.959007032900037970e+00
-2.319852526818997340e+00
-5.541109154202508158e+00
8.349873376711581585e+00
3.995228248843771368e+00
8.996893274552039799e+00
2.611343112375063669e+00
4.019906940613402924e+00
-9.390904431634403693e-01
-1.781719907018359805e+00
-7.741872249093814773e+00
3.339170369437692187e+00
-1.994180865185160911e+00
2.765498841967716004e+00
-8.208036981689396328e+00
-7.284827592777689986e+00
1.808591866096204370e+00
-7.983960256202302652e+00
6.377558712717494416e+00
5.283833222797834850e+00
9.278762397183044186e+00
3.141462949247792125e+00
-8.817171240417218669e+00
1.787612061469538105e+00
9.850674066126771322e+00
-5.477208163902766991e+00
-5.686944892826931053e+00
4.623668779818004282e+00
-3.343201519562910562e+00
-9.646200604174309134e+00
2.310234288912695888e-01
5.101531000959283801e+00
-4.226350337628943521e-01
5.762099928869719889e+00
-7.502724805257661167e+00
7.026900596214641581e+00
2.899650589381259636e+00
9.519630558549227572e+00
-9.356146566056919411e+00
3.397161038028356117e+00
2.345251558987344609e+00
8.684742541461314858e+00
-5.884908202912438213e+00
6.801452569007643945e+00
3.073221723189121235e+00
-4.483604870523921093e+00
-9.910868776063173513e+00
-3.575918736462606162e+00
4.928595087992180268e+00
9.954503330307474585e+00
-1.147218770976268232e+00
-5.670101574021666480e+00
-3.004823723465303686e+00
4.567746436542115873e+00
6.971201851160579110e+00
-6.042620733050785731e+00
-8.837752904651486219e+00
-5.985406912042656735e+00
8.830170100118994725e-01
7.084509837229578721e+00
9.404920412939905106e+00
-7.532873589328215047e-01
2.266593528109083877e+00
3.473765811576106088e+00
3.266151485815843358e+00
-1.225364474487269817e+00
6.958497693588277855e+00
-8.615050658602612543e+00
-9.710721768169554124e+00
5.111896822572797205e+00
-7.151078854778623040e+00
2.355054595945977880e+00
3.593020383498163994e+00
6.975906915881530779e+00
5.194571179614737133e+00
-8.113417916344680236e+00
5.488054372128480907e+00
-2.182242808343195506e+00
1.504665790203308262e+00
-6.368760050326933708e+00
3.121717857202748192e+00
-4.773879942499044127e+00
-8.387901610062906244e+00
5.427858007149861663e+00
8.382544098126171406e+00
6.276932542555471173e-01
1.763100154650448559e+00
7.501967622838645156e+00
2.415814378495761972e+00
-3.877612663979245866e+00
5.943866596431888638e+00
4.949412817306741985e+00
-6.139032114449383570e+00
-8.974349821849965991e+00
-7.667086327935623835e+00
5.469404496750836842e+00
-8.613809185520025835e+00
2.298603910369799053e+00
3.618285102258669284e+00
